394,42,644,42,644,132,394,132,GIAO
106,8,376,8,376,132,106,132,ĐIỂM
938,7,1074,7,1074,119,938,119,SỐ
669,35,923,35,923,139,669,139,DỊCH
1096,29,1222,29,1222,117,1096,117,06
563,160,623,160,623,220,563,220,LỖ
763,167,941,167,941,213,763,213,TELFAX:
391,174,463,174,463,220,391,220,70A
235,172,315,172,315,224,235,224,CHỈ:
324,168,386,168,386,220,324,220,SỐ
473,165,555,165,555,219,473,219,PHỦ
156,178,226,178,226,226,156,226,ĐỊA
1018,165,1170,165,1170,209,1018,209,8848275
951,169,1007,169,1007,211,951,211,04.
940,15,1073,12,1073,118,940,118,SỐ
1092,37,1216,37,1216,114,1093,114,06
565,165,619,164,619,217,565,217,LỖ
159,182,225,182,228,230,159,229,ĐỊA
326,171,385,170,385,221,325,221,SỐ
112,14,378,13,378,133,111,134,ĐIỂM
669,46,917,44,917,134,669,138,DỊCH
393,178,463,179,464,220,393,220,70A
399,50,643,51,644,124,399,125,GIAO
236,175,316,173,316,222,236,223,CHỈ:
1014,166,1170,166,1170,206,1014,208,8848275
473,172,556,172,556,219,473,219,PHỦ
949,168,1007,167,1007,210,949,210,04.
764,173,937,171,938,210,764,211,TELFAX:
