556,22,886,22,886,76,556,76,0107811603
426,22,554,22,554,76,426,76,MST:
684,112,752,112,752,160,684,160,Đặng
439,113,489,113,489,155,439,155,Thự
947,114,1011,114,1011,154,947,154,Lâm,
809,113,893,113,893,161,809,161,Huyện
253,115,301,115,301,151,253,151,ĐC:
554,113,618,113,618,157,554,157,Viên,
760,112,802,112,802,160,760,160,Xá,
381,113,435,113,435,157,381,157,Biệt
900,112,944,112,944,156,900,156,Gia
626,113,684,113,684,157,626,157,KĐT
308,110,342,110,342,150,308,150,Số
494,114,548,114,548,154,494,154,Lâm
1019,117,1063,117,1063,151,1019,151,HN
348,114,374,114,374,154,348,154,3,
308,111,342,111,342,152,308,151,Số
256,114,302,114,302,152,256,151,ĐC:
382,115,435,115,436,156,382,156,Biệt
349,113,374,113,374,154,349,153,3,
951,115,1013,115,1014,157,951,157,Lâm,
496,114,552,115,552,154,496,154,Lâm
427,21,552,23,552,77,426,75,MST:
761,115,805,115,805,157,761,157,Xá,
1021,116,1062,116,1062,153,1022,153,HN
901,116,943,117,943,154,901,153,Gia
440,115,490,114,490,157,441,157,Thự
557,116,621,116,622,155,559,154,Viên,
688,114,756,115,756,158,688,158,Đặng
628,115,682,114,681,152,628,154,KĐT
812,114,893,115,893,159,812,158,Huyện
566,23,751,25,752,75,566,74,010781
