763,22,847,22,847,82,763,82,NỘI
517,25,661,25,661,73,517,73,TRƯNG
148,39,236,39,236,93,148,93,VÂN
694,21,760,21,760,71,694,71,HÀ
362,35,442,35,442,79,362,79,HAI
1039,45,1271,45,1271,101,1039,101,094 2738888
448,24,510,24,510,76,448,76,BÀ
24,57,94,57,94,105,24,105,ĐC:
239,26,305,26,305,86,239,86,HỒ
101,56,141,56,141,96,101,96,69
960,36,1038,36,1038,86,960,86,ĐT:
309,38,333,38,333,82,309,82,3
341,58,355,58,355,70,341,70,-
671,50,685,50,685,60,671,60,-
450,25,507,24,508,75,448,76,BÀ
694,23,753,22,759,74,695,74,HÀ
965,38,1035,41,1038,84,966,82,ĐT:
517,27,662,26,662,73,517,73,TRƯNG
242,33,305,29,299,85,237,88,HỒ
310,40,335,40,333,83,309,83,3
101,59,143,55,139,95,97,98,69
364,37,443,36,441,77,361,80,HAI
30,62,95,58,91,101,22,106,ĐC:
764,21,844,23,848,83,766,81,NỘI
152,43,239,40,229,90,147,93,VÂN
997,42,1265,59,1267,103,998,86,T:094.2738888
340,59,356,57,354,70,341,72,-
669,49,685,49,684,63,669,63,-
