145,212,281,212,281,296,145,296,ANH
450,254,592,254,592,352,450,352,QUỐC
293,347,457,347,457,417,293,417,ENGLISH
481,378,647,378,647,444,481,444,ACADEMY
293,146,411,146,411,236,293,236,HỌC
427,170,561,170,561,268,427,268,VIỆN
444,453,518,453,518,489,444,489,PHƯỜNG
360,446,434,446,434,484,360,484,TRƯNG,
608,288,680,288,680,368,608,368,TẾ
549,467,595,467,595,503,549,503,QUẬN
282,437,318,437,318,467,282,467,HAI
238,473,272,473,272,503,238,503,ĐT:
326,438,356,438,356,472,326,472,BÀ
212,334,274,334,274,392,212,392,SS
167,423,207,423,207,455,167,455,ĐC:
273,475,417,475,417,517,273,517,(028)62723699
213,428,271,428,271,462,213,462,371/5
308,240,432,240,432,324,308,324,NGỮ
650,484,686,484,686,508,650,508,HCM
623,479,647,479,647,505,623,505,TP.
600,476,618,476,618,506,600,506,3,
524,468,542,468,542,496,524,496,8,
486,502,642,502,642,538,486,538,WWW.SS.EDU.VN
485,500,543,500,543,530,485,530,www.
290,142,414,164,415,238,290,220,HỌC
428,168,560,190,563,270,433,249,VIỆN
307,234,435,249,434,326,307,312,NGỮ
281,435,319,439,320,470,281,467,HAI
291,344,458,367,459,420,292,400,ENGLISH
212,425,273,432,273,464,212,459,371/5
167,420,208,423,209,458,167,454,ĐC:
548,465,594,468,595,503,549,500,QUẬN
152,210,283,233,283,302,146,280,ANH
236,471,273,474,274,504,236,501,ĐT:
325,436,355,439,357,475,326,473,BÀ
606,289,680,294,683,369,610,363,TẾ
484,497,545,502,545,532,486,526,www.
480,377,650,398,649,447,480,428,ACADENY
209,332,273,336,274,393,210,390,SS
361,445,434,450,434,484,362,478,TRƯNG,
451,258,593,275,594,355,451,335,QUỐC
522,462,543,462,543,497,522,494,8,
444,452,517,456,518,492,444,488,PHƯỜNG
600,474,619,475,621,505,600,503,3,
245,474,416,488,417,520,245,507,(0T-028)62723699
273,472,318,474,318,512,273,510,(028)
647,481,685,484,687,510,649,508,HCM
561,508,645,513,646,541,562,536,S.EDU.VN
