3,35,281,35,281,147,3,147,VƯƠNG
663,44,875,44,875,146,663,146,SHOP
302,45,636,45,636,153,302,153,BARBER
722,180,910,180,910,208,722,208,0905.039.025
105,181,193,181,193,217,105,217,PHẠM
441,169,533,169,533,215,441,215,NẴNG
263,176,371,176,371,214,263,214,XƯƠNG
395,174,439,174,439,214,395,214,ĐÀ
61,182,99,182,99,210,61,210,25
906,39,964,39,964,141,906,141,3
662,181,716,181,716,209,662,209,DĐ:
196,177,264,177,264,215,196,215,NHƯ
378,189,390,189,390,203,378,203,-
662,42,879,43,879,146,661,146,SHOP
907,38,957,38,959,141,907,136,3
445,170,531,171,532,210,446,210,NẴNG
395,174,439,175,440,211,395,210,ĐÀ
5,33,284,32,282,149,4,148,VƯƠNG
64,178,101,178,101,211,64,211,25
107,178,193,178,194,213,107,213,PHẠM
722,179,909,178,911,208,722,209,0905.039.025
267,178,374,178,374,209,267,209,XƯƠNG
305,44,637,45,636,147,302,148,BARBER
662,177,717,177,717,211,663,211,DĐ:
199,178,262,178,262,211,198,210,NHƯ
379,188,390,188,390,203,379,203,-
