74,11,114,11,114,25,74,25,Nguyễn
139,14,163,14,163,26,139,26,Linh
184,17,214,17,214,29,184,29,Cháu,
52,9,70,9,70,21,52,21,171
115,12,135,12,135,24,115,24,Văn
23,7,43,7,43,19,23,19,169
230,20,256,20,256,32,230,32,Nảng
166,15,182,15,182,27,166,27,Hái
215,18,227,18,227,30,215,30,Đà
74,8,114,9,114,26,74,25,Nguyễn
165,13,183,14,183,30,165,29,Hai
137,12,164,12,164,29,137,29,Linh,
115,11,136,11,136,27,116,26,Van
213,15,229,15,229,32,213,31,Đà
22,6,43,7,43,20,22,19,169
229,17,256,17,256,33,229,33,Nảng
184,15,212,15,212,31,183,30,Châu,
52,7,71,7,71,22,52,22,171
44,13,50,13,50,17,44,17,-
