283,61,361,61,361,85,283,85,THƯƠNG
491,53,559,53,559,75,491,75,VINLIFT
368,62,402,62,402,86,368,86,MẠI
230,68,278,68,278,88,230,88,TNHH
407,59,455,59,455,85,407,85,DỊCH
460,56,486,56,486,82,460,82,VỤ
143,66,201,66,201,92,143,92,CÔNG
206,70,226,70,226,90,206,90,TY
366,60,403,59,403,88,365,89,MẠI
141,68,201,67,201,94,141,95,CÔNG
203,67,226,67,226,93,203,93,TY
283,63,363,59,363,86,283,88,THƯƠNG
490,53,560,52,560,76,491,78,VINLIFT
460,55,487,54,488,83,461,84,VỤ
407,57,456,56,456,85,407,86,DỊCH
229,66,279,65,279,91,229,91,TNHH
