863,235,1217,235,1217,417,863,417,BỈM
597,455,887,455,887,565,597,565,DÙNG
430,103,796,103,796,225,430,225,Huyền
398,449,588,449,588,585,398,585,ĐỒ
172,467,388,467,388,599,172,599,CÁC
182,250,638,250,638,442,182,442,SỮA
802,117,1016,117,1016,207,802,207,Anh
1100,433,1224,433,1224,543,1100,543,BÉ
900,454,1096,454,1096,550,900,550,CHO
645,217,831,217,831,433,645,433,HÀ
1101,439,1215,439,1215,533,1103,535,BÉ
188,258,621,257,627,432,180,435,SỮA
905,463,1086,462,1089,544,908,546,CHO
597,458,882,454,886,555,599,565,DÙNG
180,475,380,467,381,584,184,594,CÁC
817,121,1016,124,1011,209,803,209,Anh
406,454,579,450,583,572,407,579,ĐỒ
450,102,806,102,796,218,437,218,Huyền
863,243,1214,237,1217,413,867,415,BỈM
249,155,267,157,266,175,247,172,O
