440,337,604,337,604,419,440,419,MINH
372,195,538,195,538,289,372,289,CÔNG
214,340,422,340,422,422,214,422,QUANG
554,206,634,206,634,288,554,288,TY
651,206,823,206,823,288,651,288,TNHH
628,89,732,89,732,121,628,121,THÀNH
669,337,989,337,989,419,669,419,LOGISTICS
514,89,576,89,576,121,514,121,ĐẦU
378,94,480,94,480,128,378,128,HOẠCH
858,88,912,88,912,124,858,124,NỘI
808,88,852,88,852,118,808,118,HÀ
739,87,801,87,801,121,739,121,PHỐ
287,90,331,90,331,122,287,122,SỞ
582,92,624,92,624,122,582,122,TƯ
335,90,373,90,373,122,335,122,KẾ
489,94,509,94,509,122,489,122,&
624,371,650,371,650,385,624,385,-
858,86,914,86,914,127,859,127,NỘI
288,89,332,89,331,126,288,126,SỞ
335,88,374,88,374,126,335,126,KẾ
650,203,825,203,825,291,650,291,TNHH
379,93,483,93,483,130,379,130,HOẠCH
487,92,511,92,511,124,487,124,&
553,205,638,205,636,292,556,291,TY
622,368,651,369,651,393,622,391,-
370,194,539,195,540,291,371,291,CÔNG
514,89,578,89,578,123,514,124,ĐẦU
738,86,803,86,803,122,738,122,PHỐ
210,336,426,336,426,425,208,423,QUANG
583,89,626,89,624,123,584,123,TƯ
808,86,850,86,853,123,809,123,HÀ
440,335,607,334,608,425,440,425,MINH
631,89,733,89,733,122,631,122,THÀNH
669,338,992,337,993,421,668,424,LOGISTICS
