925,151,1081,151,1081,215,925,215,Phường
510,150,640,150,640,214,510,214,đường
160,152,236,152,236,204,160,204,chỉ:
313,153,377,153,377,213,313,213,15,
77,153,151,153,151,213,77,213,Địa
1142,151,1224,151,1224,203,1142,203,Khê
830,147,918,147,918,211,830,211,Tấn,
387,151,465,151,465,213,387,213,ngõ
704,154,822,154,822,214,704,214,Trọng
647,150,699,150,699,206,647,206,Lê
247,149,307,149,307,203,247,203,Số
1087,154,1137,154,1137,204,1087,204,La
470,155,502,155,502,201,470,201,4
705,100,739,100,739,134,705,134,H
584,103,616,103,616,135,584,135,B
473,152,501,152,501,204,472,204,4
247,148,306,147,305,207,247,207,Số
649,149,698,148,699,206,650,206,Lê
312,151,374,150,374,213,311,212,15,
704,151,822,152,823,217,705,216,Trọng
511,148,639,148,638,215,510,213,đường
1088,153,1136,153,1138,207,1089,207,La
926,148,1076,150,1078,216,927,213,Phường
161,151,237,149,237,206,161,207,chỉ:
78,150,150,152,150,217,77,215,Địa
385,153,464,150,464,213,385,214,ngõ
828,147,913,147,915,211,830,211,Tấn,
1145,151,1221,151,1222,205,1146,205,Khê
