111,23,175,23,175,53,111,53,TRƯỜNG
61,11,107,11,107,45,61,45,CỔNG
206,38,250,38,250,64,206,64,SẠCH,
311,45,345,45,345,71,311,71,TOÀN
179,35,203,35,203,57,179,57,EM
289,49,307,49,307,67,289,67,AN
252,44,282,44,282,66,252,66,ĐẸP
299,185,325,185,325,211,299,211,TNHH
280,59,286,59,286,67,280,67,,
299,214,325,214,325,218,299,218,VinMart
330,0,380,0,380,16,330,16,tocol
112,22,176,30,176,55,111,47,TRƯỜNG
179,33,203,36,203,57,179,55,EM
289,46,308,47,308,68,288,67,AN
252,42,285,45,285,69,252,65,ĐẸP,
311,45,346,48,346,71,310,68,TOÀN
206,37,248,39,248,65,206,62,SẠCH
62,11,107,16,108,47,61,43,CỔNG
298,186,325,187,325,210,299,210,TNHH
