63,62,99,62,99,96,63,96,HIỂM
32,73,58,73,58,103,32,103,BẢO
141,51,173,51,173,79,141,79,SƠN
21,100,51,100,51,134,21,134,MẪU
104,58,136,58,136,86,104,86,NÓN
118,86,148,86,148,118,118,118,MỚI
55,98,83,98,83,128,55,128,MỚI
36,121,126,121,126,147,36,147,Hurvanonson.vn
88,92,114,92,114,124,88,124,GIÁ
8,80,28,80,28,108,8,108,MŨ
199,41,259,41,259,101,199,101,250
278,17,372,17,372,89,278,89,000Đ
196,17,370,17,370,101,196,101,250.000
62,70,101,61,100,91,61,97,HIỂM
103,63,137,56,137,83,103,89,NÓN
141,57,175,50,175,75,141,81,SƠN
118,92,152,86,151,113,117,118,MỚI
21,106,54,103,52,131,20,135,MẪU
86,99,114,93,113,119,86,124,GIÁ
36,134,126,123,125,135,33,147,naucenonsonvn
33,76,59,73,58,100,31,103,BẢO
6,82,30,81,29,106,6,107,MỨ
56,103,84,99,83,125,54,129,MỚI
275,41,369,22,371,75,278,89,000Đ
204,50,370,20,370,78,203,101,250.000
201,53,267,39,268,92,200,101,250
