29,300,87,300,87,324,29,324,GIẢM
92,299,134,299,134,323,92,323,GIÁ
28,326,154,326,154,416,28,416,20
119,415,163,415,163,431,119,431,31/10
65,416,109,416,109,432,65,432,26/10
38,415,60,415,60,431,38,431,Từ:
27,329,145,328,153,413,31,412,20
64,414,84,414,84,432,64,432,26
120,414,166,414,166,432,120,432,31/10
93,299,136,299,137,326,93,325,GIÁ
27,299,89,299,89,326,27,326,GIẢM
38,416,61,416,62,431,38,431,Từ:
84,416,89,416,89,432,83,432,/
110,420,117,419,118,427,110,427,-
63,415,106,415,110,432,64,432,26/10
