98,176,164,176,164,218,98,218,ĐẲNG
221,191,279,191,279,225,221,225,QUỐC
126,145,190,145,190,181,126,181,TIẾNG
169,185,215,185,215,219,169,219,CẤP
25,142,85,142,85,178,25,178,TRẠI
196,155,244,155,244,185,196,185,ANH
89,144,119,144,119,178,89,178,HÈ
284,194,316,194,316,224,284,224,TẾ
169,186,216,187,215,222,168,221,CẤP
198,154,245,155,245,187,196,186,ANH
221,190,280,190,280,225,221,224,QUỐC
26,140,85,141,85,180,26,177,TRẠI
125,143,191,145,190,184,124,179,TIẾNG
88,142,120,142,120,178,88,178,HÈ
97,177,164,180,164,220,96,217,ĐẲNG
283,192,317,192,316,225,283,224,TẾ
