375,309,416,308,417,345,375,345,THỌ
516,173,642,178,645,293,518,292,NHI
296,16,584,85,587,166,297,110,MOTHI
578,305,600,306,600,328,579,329,ĐT:
443,303,465,303,467,336,443,337,ĐÀ
466,302,512,302,512,334,467,335,NẴNG
114,317,170,316,170,355,114,356,ĐC:
415,318,421,318,421,330,415,329,-
169,116,508,144,514,299,166,294,MINH
420,309,444,309,445,337,421,338,TP.
172,315,219,315,219,352,172,353,600
598,305,660,304,661,325,598,326,0935.511281
325,306,372,304,372,343,325,343,HỮU
222,311,322,305,323,345,222,349,NGUYỄN
