772,142,950,141,951,187,772,189,MƯỜNG
667,86,845,85,845,131,667,132,MƯỜNG
339,137,400,137,400,188,339,188,CỔ
168,87,326,88,326,132,169,131,TRUNG
410,139,533,139,533,189,410,189,PHẦN
534,91,656,91,656,132,535,133,THAO
273,147,330,146,328,189,275,190,TY
334,84,431,85,432,133,334,133,TÂM
136,140,264,140,265,187,136,188,CÔNG
63,146,126,146,126,188,63,188,CN
541,142,622,141,622,194,542,194,TẬP
633,141,761,141,762,189,632,189,ĐOÀN
855,89,1008,88,1009,131,856,131,THANH
374,281,808,281,808,387,374,387,FITNESS
960,147,1113,145,1112,187,960,188,THANH
441,81,527,80,527,133,441,133,THỂ
