340,100,362,100,362,116,340,116,-
236,164,295,164,290,201,234,204,Giáo
29,117,131,117,131,167,29,167,Hotline:
104,48,144,48,144,94,104,94,Số
522,61,580,61,580,107,522,107,138
336,164,368,164,368,194,336,194,lận
148,48,170,48,170,90,148,90,3
209,90,335,90,335,140,209,140,488696
175,39,235,39,235,83,175,83,mai
457,67,515,67,515,113,457,113,383
369,77,449,77,449,123,369,123,0909
329,15,423,15,423,63,329,63,Hoàng
135,105,207,105,207,153,135,153,0986
366,168,398,168,398,188,366,188,nơi
290,164,338,164,338,204,290,204,hàng
241,32,321,32,321,80,241,80,Động,
431,5,495,5,495,49,431,49,mai
