193,154,241,154,241,184,193,184,ANH
116,234,136,235,136,249,116,248,Văn
324,243,352,245,352,259,324,258,4466
22,229,44,229,44,243,22,243,169
73,231,115,233,115,248,73,247,Nguyễn
137,235,164,237,165,251,137,249,Linh,
214,240,228,240,228,253,214,253,Đà
165,237,183,238,183,250,165,250,Hái
229,240,257,242,257,257,229,254,Nẵng
264,242,322,242,322,256,264,256,(02369730
184,237,213,239,214,254,184,252,Cháu,
22,139,82,144,82,180,23,175,TRẠI
281,191,313,191,313,225,281,225,TẾ
86,142,118,143,118,176,86,175,HÈ
95,176,162,180,162,219,95,216,ĐẲNG
52,230,72,231,71,244,52,244,171
302,243,323,244,323,257,302,257,730
217,189,278,189,276,226,216,225,QUỐC
167,185,214,186,212,220,166,220,CẤP
121,142,189,144,189,182,121,178,TIẾNG
