857,86,914,85,915,127,857,128,NỘI
439,333,609,333,609,425,439,424,MINH
513,88,579,87,579,124,513,125,ĐẦU
582,89,626,89,625,124,583,124,TƯ
627,89,734,88,735,123,628,125,THÀNH
368,193,541,193,542,291,368,291,CÔNG
622,369,651,370,651,391,622,390,-
287,89,332,89,332,125,287,126,SỞ
667,334,992,334,994,421,667,423,LODISTICS
377,92,485,92,485,130,377,131,HOẠCH
487,92,510,92,510,124,487,124,&
334,88,375,88,375,126,334,126,KẾ
737,86,803,85,803,122,737,123,PHỐ
807,86,851,86,854,123,807,123,HÀ
648,202,827,203,828,292,648,290,TNHH
208,337,427,336,427,424,208,424,QUANG
552,204,639,203,638,291,554,291,TY
