281,66,331,66,331,79,281,79,MỪNG
356,80,392,80,392,93,356,93,MỚI:
335,66,382,65,381,78,335,79,NGÀY
498,66,521,66,520,79,497,78,2/9
435,65,493,65,494,77,435,78,KHÁNH
132,66,185,65,184,80,133,81,NHIỆT
319,82,353,82,353,95,318,95,HỌC
230,65,278,65,278,78,230,78,CHÀO
276,80,314,80,314,93,276,93,NĂM
448,81,484,81,484,92,448,92,2021
397,81,435,81,435,92,397,93,2020
367,82,445,80,446,93,368,93,mới:2020 -
448,81,484,81,484,92,448,92,2021
397,81,435,81,435,92,397,93,2020
397,81,435,81,435,92,397,93,2020
367,82,445,80,446,93,368,93,mới:2020 -
170,81,217,80,217,93,170,94,CHÀO
385,64,431,64,431,78,385,78,QUỐC
188,65,227,65,225,79,188,79,LIỆT
221,80,272,81,272,93,221,93,MỪNG
