204,266,235,267,235,285,204,284,Hàm
151,182,221,185,222,214,150,212,AMES
392,209,415,216,413,232,390,226,ĐÁI
225,183,264,184,262,217,226,216,MỸ
93,264,118,264,119,284,94,283,Địa
120,264,145,264,146,282,120,282,chỉ:
18,207,139,214,139,256,19,252,KHAI
19,172,80,175,81,205,17,202,ANH
147,265,168,265,169,283,147,283,HD
149,217,326,222,326,263,149,261,TRƯƠNG
237,268,266,268,266,287,237,287,Nghi
371,203,391,209,389,224,370,218,ƯU
267,187,324,190,324,221,267,219,ĐÌNH
390,211,414,211,414,229,390,229,ĐÁI
170,266,203,267,204,286,170,285,Mon,
86,172,148,175,147,210,86,207,NGỮ
