687,114,757,114,757,160,687,159,Đặng
628,114,683,114,682,152,628,153,KĐT
381,115,436,115,436,156,381,156,Biệt
255,114,303,114,303,152,255,152,ĐC:
439,114,492,114,491,157,440,157,Thự
810,114,894,114,894,159,810,158,Huyện
899,114,944,116,944,154,899,153,Gia
568,22,886,22,886,74,568,74,0107811603
556,115,622,115,623,156,557,155,Viên,
1020,116,1062,116,1062,154,1020,154,HN
495,114,553,114,553,153,495,153,Lâm
425,20,552,21,552,77,425,76,MST:
348,114,375,114,375,155,348,154,3,
306,110,343,110,343,153,306,152,Số
950,114,1014,114,1015,158,950,158,Lâm,
760,114,806,114,807,158,760,158,Xá,
