442,158,473,159,473,180,442,180,ĐẤT
365,161,404,161,404,180,365,180,CNH,
221,139,244,140,244,172,220,172,9:
253,155,271,156,272,176,253,175,VÌ
274,157,300,157,299,179,273,179,SỰ
357,137,392,137,392,157,357,157,HỌC
474,161,519,161,519,182,474,182,NƯỚC
300,158,362,158,362,180,300,180,NGHIỆP
134,130,216,131,216,171,134,170,THÁNG
313,135,355,136,355,155,313,154,NIÊN
406,161,441,162,441,179,406,179,HĐH
252,135,311,136,312,154,253,153,THANH
394,137,428,138,429,159,394,158,TẬP,
467,139,517,141,517,161,467,159,LUYỆN
431,138,465,139,465,157,431,157,RÈN
