272,10,310,10,311,25,272,25,NGÀY
379,10,406,10,408,25,380,25,ĐƯA
312,10,348,10,349,25,312,25,TOÀN
466,10,519,9,519,26,466,25,TRƯỜNG
249,27,285,27,285,39,250,39,NĂM
129,10,159,10,159,26,129,26,TÍCH
350,10,378,10,378,25,350,25,DÂN
191,10,238,10,239,27,191,27,HƯỞNG
368,27,402,26,402,38,368,38,2021
409,9,435,9,435,25,409,25,TRẺ
467,8,519,8,519,24,467,24,TRƯỜNG
162,11,189,11,189,29,162,29,CỰC
127,12,160,11,160,27,128,27,TÍCH
437,8,464,8,465,25,437,25,ĐẾN
323,27,359,27,360,37,323,38,2020
287,27,320,27,320,40,287,40,HỌC
241,10,270,10,270,26,241,26,ỨNG
191,8,237,8,237,24,191,24,HƯỞNG
