338,27,604,27,604,241,338,241,ĐỖ
817,323,857,323,857,377,817,377,2,
525,311,623,311,623,375,525,375,Nhuế,
472,304,520,305,519,366,472,365,Cổ
983,322,1035,325,1035,377,984,376,Từ
669,308,719,308,719,372,669,372,Cổ
1038,323,1135,326,1136,386,1038,382,Liêm,
206,313,240,313,240,369,206,369,6,
156,303,204,303,204,361,156,361,Số
862,320,903,321,904,374,862,375,Q.
628,319,660,319,660,371,628,371,P.
88,310,150,310,150,361,87,361,ĐC:
1205,327,1269,327,1269,387,1205,387,Nội
247,313,347,313,347,371,247,371,ngách
723,312,818,313,816,374,723,372,Nhuế
642,85,974,88,982,243,642,242,GIA
908,313,976,313,976,375,908,375,Bắc
353,317,467,317,467,369,353,369,43/128
1143,328,1197,329,1197,381,1144,380,Hà
