117,90,151,85,151,115,117,119,MỚI
65,131,125,122,126,135,66,143,nonson.vn
103,62,137,55,137,84,103,90,NÓN
208,44,375,16,379,75,210,103,250.000Đ
86,97,114,91,114,120,86,124,GIÁ
36,137,64,133,64,142,36,146,www
7,82,30,80,30,107,6,108,MŨ
110,124,127,122,127,133,110,135,vn
21,106,54,102,53,132,20,135,MẪU
197,99,317,96,313,158,195,150,NTAY
275,37,371,19,373,74,277,90,000Đ
33,76,59,73,58,100,31,103,BẢO
200,52,265,40,266,93,199,103,250
221,98,432,87,433,160,219,162,Lix
63,69,101,60,100,91,62,98,HIỂM
263,76,272,76,272,91,263,91,E
141,55,175,49,175,76,141,82,SƠN
56,102,84,99,83,126,55,129,MỚI
