219,176,276,176,277,213,219,213,BIÊN
241,128,325,127,325,169,241,169,THẮNG
228,2,290,2,291,44,228,44,NIỆM
151,177,213,176,214,219,152,219,ĐIỆN
282,173,334,174,334,212,282,212,PHỦ
231,45,289,45,290,83,231,83,NĂM
176,268,314,265,315,301,176,304,07/5/2017
155,128,238,127,238,170,155,170,CHIẾN
176,222,312,221,312,255,177,259,07/5/1975
191,48,226,49,227,83,190,82,42
185,0,223,1,223,39,186,39,KỶ
206,88,276,89,276,125,206,126,NGÀY
231,46,289,46,289,82,231,82,NĂM
192,49,226,49,226,81,192,81,42
187,1,223,1,223,37,187,37,KỶ
228,3,292,3,292,43,228,43,NIỆM
218,175,276,175,276,211,218,211,BIÊN
282,172,334,172,334,210,282,210,PHỦ
179,221,311,221,311,257,179,257,07/5/1975
151,175,213,175,213,217,151,217,ĐIỆN
242,128,326,128,326,168,242,168,THẮNG
181,267,313,267,313,303,181,303,07/5/2017
209,89,277,89,277,125,209,125,NGÀY
160,130,238,130,238,170,160,170,CHIẾN
