428,168,560,187,562,268,431,249,VIỆN
306,234,434,250,434,325,306,311,NGỮ
288,142,414,162,415,237,287,222,HỌC
547,465,595,468,597,503,548,500,QUẬN
291,341,461,367,461,423,291,400,ENGLISH
280,435,320,438,321,470,280,467,HAI
211,425,273,431,274,464,211,460,371/5
166,420,209,422,210,458,166,455,ĐC:
324,437,355,439,358,474,325,473,BÀ
235,471,273,473,274,505,235,502,ĐT:
482,498,544,501,545,531,485,527,www.
151,209,284,231,283,301,144,280,ANH
606,290,679,294,682,369,609,363,TẾ
479,375,651,396,651,448,479,428,ACADENY
360,444,432,448,434,485,360,478,TRƯNG,
449,258,593,275,595,355,450,336,QUỐC
209,333,273,335,275,391,209,390,SS
649,481,686,483,687,510,649,508,HCM
521,463,543,463,544,497,522,495,8,
369,485,416,489,416,518,369,515,3699
442,452,519,455,520,493,443,488,PHƯỜNG
272,472,319,474,320,511,272,510,(028)
598,474,619,475,620,505,600,503,3,
321,480,368,484,368,514,321,510,6272
615,512,642,514,645,541,618,538,VN
622,478,645,478,649,507,624,505,TP.
545,505,574,505,578,535,548,534,SS.
578,510,644,510,644,538,578,538,EDU.VN
169,421,209,421,209,457,169,457,ĐC:
598,475,620,475,620,505,598,505,3,
522,466,544,466,544,496,522,496,8,
548,507,578,507,578,533,548,533,SS.
237,471,273,471,273,505,237,505,ĐT:
213,426,273,426,273,464,213,464,371/5
622,478,648,478,648,506,622,506,TP.
326,437,356,437,356,473,326,473,BÀ
484,499,544,499,544,531,484,531,www.
548,466,596,466,596,502,548,502,QUẬN
282,436,318,436,318,468,282,468,HAI
444,454,518,454,518,490,444,490,PHƯỜNG
650,481,686,481,686,507,650,507,HCM
305,238,437,238,437,324,305,324,NGỮ
211,333,275,333,275,391,211,391,SS
290,142,414,142,414,240,290,240,HỌC
361,444,435,444,435,484,361,484,TRƯNG,
274,475,414,475,414,517,274,517,(028)62723699
479,376,647,376,647,444,479,444,ACADEMY
427,163,561,163,561,271,427,271,VIỆN
446,260,596,260,596,352,446,352,QUỐC
145,212,283,212,283,300,145,300,ANH
606,292,680,292,680,368,606,368,TẾ
294,346,458,346,458,418,294,418,ENGLISH
