63,70,100,62,100,90,62,97,HIỂM
103,63,137,57,137,82,103,89,NÓN
141,56,175,50,175,75,141,81,SƠN
21,106,54,104,53,131,21,134,MẪU
273,39,370,22,372,73,277,88,000Đ
33,76,59,74,58,100,31,102,BẢO
7,82,31,81,29,106,6,107,MŨ
117,91,151,87,151,113,117,118,MỚI
35,137,64,133,64,142,36,146,www
86,97,114,93,114,120,87,123,GIÁ
55,104,84,99,84,124,55,128,MỚI
64,131,126,123,126,134,65,142,nonson.vn
202,51,373,17,376,71,204,102,250.000
23,102,53,102,53,132,23,132,MẪU
8,80,30,80,30,106,8,106,MŨ
86,92,112,92,112,122,86,122,GIÁ
55,99,83,99,83,127,55,127,MỚI
33,74,59,74,59,102,33,102,BẢO
267,18,371,18,371,88,267,88,000Đ
200,42,260,42,260,100,200,100,250
104,56,136,56,136,88,104,88,NÓN
62,61,100,61,100,95,62,95,HIỂM
118,85,148,85,148,117,118,117,MỚI
141,51,171,51,171,79,141,79,SƠN
