95,176,162,180,162,219,95,216,ĐẲNG
86,142,118,143,118,176,86,175,HÈ
280,192,313,193,311,227,280,225,TẾ
167,185,214,186,212,220,166,220,CẤP
184,237,213,239,214,254,184,252,Cháu,
121,142,189,144,189,182,121,178,TIẾNG
196,154,242,156,240,184,192,182,ANH
217,189,278,189,276,226,216,225,QUỐC
73,231,115,233,115,248,73,247,Nguyễn
22,139,82,144,82,180,23,175,TRẠI
137,235,164,237,165,251,137,249,Linh,
22,229,44,229,44,243,22,243,169
229,240,257,242,257,257,229,254,Nẵng
52,230,72,231,71,244,52,244,171
116,234,136,235,136,249,116,248,Văn
214,240,228,240,228,253,214,253,Đà
165,237,183,238,183,250,165,250,Hái
324,243,352,245,352,259,324,258,4466
302,243,323,244,323,257,302,257,730
264,242,322,242,322,256,264,256,(02369730
214,241,228,241,228,251,214,251,Đá
230,241,254,241,254,255,230,255,Nảng
116,235,136,235,136,247,116,247,Văn
23,230,43,230,43,242,23,242,169
324,245,350,245,350,257,324,257,44.66
53,232,71,232,71,244,53,244,171
87,142,117,142,117,176,87,176,HÈ
73,233,113,233,113,247,73,247,Nguyễn
281,191,313,191,313,225,281,225,TẾ
185,238,213,238,213,252,185,252,Cháu,
138,236,162,236,162,250,138,250,Linh,
24,140,82,140,82,178,24,178,TRẠI
167,185,213,185,213,219,167,219,CẤP
193,154,241,154,241,184,193,184,ANH
96,176,162,176,162,218,96,218,ĐẲNG
122,142,188,142,188,180,122,180,TIẾNG
218,190,278,190,278,226,218,226,QUỐC
