334,88,375,88,375,126,334,126,KẾ
287,89,332,89,332,125,287,126,SỞ
648,202,827,203,828,292,648,290,TNHH
857,86,914,85,915,127,857,128,NỘI
368,193,541,193,542,291,368,291,CÔNG
807,86,851,86,854,123,807,123,HÀ
552,204,639,203,638,291,554,291,TY
582,89,626,89,625,124,583,124,TƯ
627,89,734,88,735,123,628,125,THÀNH
208,337,427,336,427,424,208,424,QUANG
377,92,485,92,485,130,377,131,HOẠCH
487,92,510,92,510,124,487,124,&
439,333,609,333,609,425,439,424,MINH
513,88,579,87,579,124,513,125,ĐẦU
737,86,803,85,803,122,737,123,PHỐ
622,369,651,370,651,391,622,390,-
667,334,992,334,994,421,667,423,LODISTICS
623,371,651,371,651,385,623,385,-
487,93,511,93,511,121,487,121,&
807,87,853,87,853,119,807,119,HÀ
287,89,331,89,331,123,287,123,SỞ
335,90,373,90,373,122,335,122,KẾ
739,88,801,88,801,120,739,120,PHỐ
581,91,625,91,625,121,581,121,TƯ
858,87,912,87,912,125,858,125,NỘI
516,90,578,90,578,120,516,120,ĐẦU
377,94,483,94,483,128,377,128,HOẠCH
629,90,733,90,733,120,629,120,THÀNH
670,338,990,338,990,422,670,422,LODISTICS
553,210,639,210,639,286,553,286,TY
213,337,423,337,423,423,213,423,QUANG
650,209,822,209,822,285,650,285,TNHH
372,196,540,196,540,290,372,290,CÔNG
440,339,608,339,608,421,440,421,MINH
