324,306,372,305,372,342,324,342,HỮU
577,306,599,306,600,328,578,328,ĐT:
171,316,219,316,219,351,171,352,600
374,309,415,309,416,344,374,344,THỌ
222,311,322,308,322,345,222,348,NGUYỄN
466,303,512,303,512,334,466,334,NẴNG
298,18,585,85,586,163,297,107,MOTEL
599,305,661,303,662,325,600,327,0935.511.261
116,319,168,317,168,354,115,356,ĐC:
169,129,642,165,642,294,167,277,MINH
442,304,465,304,468,335,443,336,ĐÀ
422,305,513,304,514,334,423,338,TROÀNG
171,315,217,315,217,351,171,351,600
203,307,323,307,323,349,203,349,NGUYỄN
294,21,568,21,568,155,294,155,MOTEL
578,305,600,305,600,327,578,327,ĐT:
599,303,663,303,663,327,599,327,0935511.261
114,313,170,313,170,355,114,355,ĐC:
466,303,512,303,512,333,466,333,NẴNG
419,304,467,304,467,334,419,334,TPĐÀ
374,308,416,308,416,342,374,342,THỌ
325,306,371,306,371,340,325,340,HỮU
516,169,642,169,642,289,516,289,NHI
169,113,507,113,507,291,169,291,MINH
