152,302,208,302,209,332,152,332,CỬA
213,303,292,303,292,334,214,334,HÀNG
337,308,356,308,356,335,337,336,&
14,300,50,300,50,334,14,334,HỆ
360,304,391,304,391,334,360,335,BÉ
405,202,564,204,563,238,406,235,dcom.vn
298,307,334,307,335,338,298,339,MẸ
0,106,568,109,567,205,0,203,shoptretho
53,298,146,298,146,331,54,331,THỐNG
337,309,355,309,355,333,337,333,&
14,300,50,300,50,332,14,332,HỆ
360,303,392,303,392,333,360,333,BÉ
400,202,566,202,566,238,400,238,com.vn
153,301,207,301,207,331,153,331,CỬA
299,309,333,309,333,335,299,335,MẸ
56,299,146,299,146,331,56,331,THỐNG
215,303,293,303,293,333,215,333,HÀNG
