203,133,230,133,230,146,203,146,HIỆU
197,101,222,101,222,114,197,114,BẢO
164,118,178,118,180,130,165,130,LÀ
171,148,212,148,212,161,171,161,PHÒNG
153,146,169,147,169,160,153,160,ĐỂ
213,149,255,149,255,161,213,161,TRÁNH
176,102,195,102,195,114,176,114,MŨ
156,103,176,103,176,115,156,116,ĐỘI
181,118,209,118,210,131,181,131,BIỆN
175,133,201,134,202,145,175,145,HỮU
196,165,245,165,245,176,196,176,THƯƠNG
211,118,242,118,242,130,211,130,PHÁP
161,164,195,163,195,176,161,176,CHẤN
224,101,252,101,252,114,223,114,HIỂM
152,236,251,236,252,250,152,250,TECHCOMBANK
215,237,251,237,251,249,215,249,BANK
153,235,213,235,213,249,153,249,TECHCOM
182,181,198,181,198,191,182,191,SÓ
224,101,252,101,252,113,224,113,HIỂM
154,147,168,147,168,159,154,159,ĐỂ
198,102,222,102,222,114,198,114,BẢO
177,134,201,134,201,144,177,144,HỮU
165,119,179,119,179,129,165,129,LÀ
178,103,194,103,194,113,178,113,MŨ
182,118,208,118,208,130,182,130,BIỆN
211,119,241,119,241,129,211,129,PHÁP
204,134,230,134,230,146,204,146,HIỆU
172,150,212,150,212,160,172,160,PHÒNG
197,165,245,165,245,175,197,175,THƯƠNG
162,163,194,163,194,175,162,175,CHẤN
213,150,253,150,253,160,213,160,TRANH
