534,1168,604,1157,608,1189,541,1200,VIÊN
522,1129,603,1115,608,1147,527,1161,NHÂN
467,501,642,488,645,531,468,548,LƯỢNG
119,339,378,327,373,462,118,475,HUY
417,292,928,246,943,405,422,460,HOÀNG
679,484,794,476,797,515,681,524,CHU
330,502,459,492,457,540,330,549,CHẤT
512,1087,597,1072,606,1107,517,1121,TUYỂN
801,469,937,457,937,502,803,514,ĐÁO
530,1206,549,1204,550,1219,531,1221,ĐT:
577,1198,598,1195,600,1211,578,1215,449
552,1203,576,1198,577,1215,553,1218,0968
579,1195,601,1195,601,1215,579,1215,449
601,1193,625,1193,625,1211,601,1211,996
550,1198,578,1198,578,1220,550,1220,0968
529,1203,549,1203,549,1223,529,1223,ĐT:
423,247,935,247,935,449,423,449,HOÀNG
536,1159,606,1159,606,1199,536,1199,VIÊN
469,492,643,492,643,542,469,542,LƯỢNG
804,462,924,462,924,512,804,512,ĐÁO
524,1117,606,1117,606,1161,524,1161,NHÂN
681,479,793,479,793,521,681,521,CHU
512,1073,604,1073,604,1121,512,1121,TUYỂN
331,495,457,495,457,547,331,547,CHẤT
118,333,380,333,380,471,118,471,HUY
