163,69,480,70,480,221,164,219,HIỀN
130,238,228,238,229,274,130,275,Nguyễn
88,236,125,236,126,270,88,269,06
889,46,1078,60,1065,127,880,112,Shop
231,239,284,240,285,272,230,272,Đức
513,85,974,90,975,227,513,225,HUỲNH
1025,254,1089,254,1089,285,1024,285,4444
287,241,345,242,346,276,288,276,Tịnh
285,242,345,242,345,274,285,274,Tịnh
88,240,124,240,124,268,88,268,06
914,253,1090,253,1090,283,914,283,0794574444
230,240,282,240,282,270,230,270,Đức
879,48,1081,48,1081,124,879,124,Shop
519,95,973,95,973,219,519,219,HUỲNH
128,237,226,237,226,273,128,273,Nguyễn
168,76,476,76,476,218,168,218,HIỀN
