472,153,502,152,502,204,471,205,4
703,152,823,153,824,217,704,216,Trọng
246,148,306,147,305,205,245,205,Số
648,148,699,148,699,205,649,205,Lê
508,147,640,148,640,215,508,212,đường
1087,153,1137,155,1138,207,1088,206,La
312,151,376,151,376,212,311,211,15,
926,147,1078,151,1080,215,926,211,Phường
79,151,151,153,150,216,78,215,Địa
161,151,238,149,238,205,161,207,chỉ:
384,154,464,151,464,212,384,214,ngõ
829,148,916,148,918,213,830,211,Tấn,
1144,150,1222,150,1223,207,1144,206,Khê
472,151,502,151,502,203,472,203,4
1087,150,1137,150,1137,206,1087,206,La
246,147,306,147,306,203,246,203,Số
311,151,375,151,375,211,311,211,15,
1145,148,1225,148,1225,206,1145,206,Khê
160,147,236,147,236,205,160,205,chỉ:
650,148,698,148,698,202,650,202,Lê
77,150,151,150,151,214,77,214,Địa
388,150,464,150,464,212,388,212,ngõ
926,149,1078,149,1078,213,926,213,Phường
510,149,638,149,638,213,510,213,đường
831,147,917,147,917,211,831,211,Tấn,
704,152,822,152,822,214,704,214,Trọng
