154,104,249,116,244,154,146,145,Hơn
650,147,749,154,747,198,647,190,hình
385,128,478,133,477,170,382,166,kênh
425,44,629,65,628,112,420,97,Modem
487,129,640,138,638,188,487,178,Truyền
645,65,758,80,757,126,644,115,WIFI
174,23,326,46,321,96,166,73,Trang
272,105,379,112,374,165,267,157,170
340,42,398,46,392,100,334,96,bị
380,128,482,128,482,172,380,172,kênh
334,40,396,40,396,98,334,98,bị
260,103,380,103,380,165,260,165,170
146,105,248,105,248,153,146,153,Hơn
644,144,750,144,750,198,644,198,hình
642,68,760,68,760,126,642,126,WIFI
416,44,632,44,632,114,416,114,Modem
483,130,639,130,639,188,483,188,Truyền
167,24,327,24,327,94,167,94,Trang
