661,40,879,41,880,145,661,145,SHOP
443,169,533,169,533,211,443,212,NẴNG
105,178,193,178,193,213,106,213,PHẠM
394,174,439,174,440,211,394,211,ĐÀ
4,29,287,29,286,148,4,148,VƯƠNG
63,178,101,178,101,211,63,211,25
302,40,642,43,642,148,301,148,BARBER
661,177,714,177,715,211,661,211,DĐ:
907,41,957,39,960,135,908,135,3
266,177,375,177,375,210,266,210,XƯƠNG
854,177,911,178,911,209,855,209,025
198,176,264,177,263,211,198,210,NHƯ
719,177,915,177,915,209,720,211,0905.039.025
908,40,964,40,964,142,908,142,3
61,181,101,181,101,209,61,209,25
195,177,263,177,263,209,195,209,NHƯ
395,176,439,176,439,208,395,208,ĐÀ
720,176,914,176,914,210,720,210,0905.039.025
105,178,191,178,191,214,105,214,PHẠM
662,182,716,182,716,208,662,208,DĐ:
264,177,374,177,374,209,264,209,XƯƠNG
444,170,534,170,534,210,444,210,NẴNG
658,43,878,43,878,145,658,145,SHOP
3,33,287,33,287,151,3,151,VƯƠNG
304,47,638,47,638,149,304,149,BARBER
