77,82,92,82,92,100,77,100,GIA
132,78,144,78,144,98,132,98,XÃ
54,84,77,83,77,100,54,100,THAM
92,78,110,78,110,99,92,99,BẢO
144,77,162,77,163,99,144,99,NỘI,
163,73,183,73,184,96,164,98,BẢO
183,73,205,72,205,95,183,96,HIỂM
109,78,130,77,130,98,109,99,HIỂM
208,72,225,70,226,94,209,95,TẾ
206,75,212,75,212,95,206,95,Y
145,75,163,75,163,99,145,99,HỘI,
212,71,224,71,224,93,212,93,TẾ
78,84,90,84,90,100,78,100,GIA
165,72,183,72,183,96,165,96,BẢO
132,76,144,76,144,98,132,98,XÃ
93,77,107,77,107,99,93,99,BẢO
184,70,204,70,204,94,184,94,HIỂM
110,76,130,76,130,98,110,98,HIỂM
54,85,76,85,76,101,54,101,THAM
