134,116,207,108,208,145,135,153,0986
339,164,369,165,364,193,334,195,lận
457,74,514,68,516,106,457,112,383
368,85,447,76,448,116,369,124,0909
241,36,320,33,320,76,241,79,Động,
236,164,295,164,290,201,234,204,Giáo
370,167,399,166,392,188,365,189,nơi
150,51,169,49,169,87,149,88,3
276,98,334,92,334,129,277,136,696
215,105,269,98,269,136,215,142,488
430,9,494,4,495,44,430,51,mai
28,127,128,117,129,154,29,168,Hotline:
327,20,422,16,423,61,328,66,Hoàng
175,44,234,40,235,79,176,86,mai
523,66,574,60,575,98,525,105,138
104,52,142,50,142,91,104,94,Số
340,100,362,100,362,116,340,116,-
209,90,335,90,335,140,209,140,488696
457,67,515,67,515,113,457,113,383
366,168,398,168,398,188,366,188,nơi
522,61,580,61,580,107,522,107,138
369,77,449,77,449,123,369,123,0909
148,48,170,48,170,90,148,90,3
336,164,368,164,368,194,336,194,lận
135,105,207,105,207,153,135,153,0986
431,5,495,5,495,49,431,49,mai
290,164,338,164,338,204,290,204,hàng
104,48,144,48,144,94,104,94,Số
175,39,235,39,235,83,175,83,mai
29,117,131,117,131,167,29,167,Hotline:
241,32,321,32,321,80,241,80,Động,
329,15,423,15,423,63,329,63,Hoàng
