155,137,192,146,190,166,152,157,ĐẾN
190,218,276,239,275,258,187,239,PHONG
197,192,243,203,241,225,194,214,NIỆM
182,126,227,138,226,156,180,145,QUAN
146,156,217,175,217,195,143,176,CHƯỢNG
217,112,266,126,265,147,215,134,MỪNG
195,150,242,163,241,181,193,168,THAM
221,178,272,191,269,210,219,197,TRÌNH
145,113,180,121,177,142,142,134,QUÝ
170,99,215,110,213,131,167,120,CHÀO
230,139,284,153,283,172,227,158,KHÁCH
126,199,186,212,185,238,124,225,NGÕ
245,165,270,171,268,190,243,183,DỰ
169,184,195,188,192,209,167,204,KỶ
168,184,194,184,194,208,168,208,KỶ
124,201,186,201,186,237,124,237,NGÔ
244,166,270,166,270,190,244,190,DỰ
194,192,242,192,242,224,194,224,NIỆM
144,116,178,116,178,140,144,140,QUÝ
187,218,275,218,275,258,187,258,PHONG
216,114,266,114,266,146,216,146,MÙNG
183,129,227,129,227,155,183,155,QUAN
220,179,270,179,270,209,220,209,TRÌNH
169,101,213,101,213,131,169,131,CHÀO
228,139,284,139,284,171,228,171,KHÁCH
194,152,242,152,242,180,194,180,THAM
154,138,190,138,190,164,154,164,ĐẾN
144,158,218,158,218,194,144,194,CHƯỢNG
