139,111,324,111,323,201,137,202,SẠCH
627,103,801,106,801,195,627,193,TOÀN
13,112,120,112,121,191,14,191,EM
893,18,949,17,950,47,894,47,ĐT:
138,16,190,16,190,46,139,46,XÔ
741,18,865,18,866,48,742,48,THẠNH
522,117,612,116,610,193,516,193,AN
392,17,483,18,484,47,393,47,TÌNH.
285,18,383,18,384,47,286,47,NGHỆ
72,19,129,18,129,45,72,46,155
956,18,1167,18,1164,48,957,48,08.38404397
340,112,477,111,477,202,341,203,ĐẸP
646,17,735,17,735,46,647,46,BÌNH
483,149,511,149,511,167,482,168,-
395,15,485,15,485,45,395,45,TÌNH.
893,17,949,17,949,45,893,45,ĐT:
647,15,733,15,733,45,647,45,BÌNH
137,16,189,16,189,44,137,44,XÔ
196,15,276,15,276,45,196,45,VIÊT
73,16,127,16,127,44,73,44,155
742,16,864,16,864,46,742,46,THẠNH
960,16,1166,16,1166,46,960,46,08.38404397
286,16,382,16,382,46,286,46,NGHỆ
516,117,610,117,610,193,516,193,AN
338,116,476,116,476,202,338,202,ĐẸP
14,116,120,116,120,190,14,190,EM
630,111,802,111,802,195,630,195,TOÀN
140,114,322,114,322,200,140,200,SẠCH
