449,24,508,23,509,74,448,76,BÀ
516,26,661,25,662,73,516,75,TRƯNG
309,41,335,40,334,82,308,83,3
693,22,754,22,759,73,694,73,HÀ
963,38,1036,40,1039,84,966,83,ĐT:
100,58,144,55,140,96,96,99,69
244,31,306,28,299,85,237,88,HỒ
151,43,238,39,231,89,147,94,VÂN
763,22,846,23,850,84,765,83,NỘI
364,37,443,34,441,77,361,80,HAI
28,63,96,56,93,100,22,107,ĐC:
1039,43,1103,46,1108,89,1042,87,094
669,44,687,44,687,66,669,66,-
1042,44,1106,44,1106,88,1042,88,094
1200,59,1270,59,1270,101,1200,101,888
309,41,333,41,333,81,309,81,3
1112,49,1176,49,1176,93,1112,93,273
962,36,1038,36,1038,84,962,84,ĐT:
450,24,508,24,508,76,450,76,BÀ
239,26,305,26,305,86,239,86,HỒ
98,55,142,55,142,99,98,99,69
691,21,757,21,757,75,691,75,HÀ
23,60,93,60,93,104,23,104,ĐC:
150,40,236,40,236,94,150,94,VÂN
765,23,847,23,847,81,765,81,NỘI
362,32,442,32,442,80,362,80,HAI
517,26,661,26,661,74,517,74,TRƯNG
