939,15,1074,11,1074,116,938,117,số
1090,35,1217,35,1218,114,1090,114,06
110,15,379,13,380,134,108,134,ĐIỂM
396,47,646,48,647,126,396,127,GIAO
325,170,386,170,385,221,324,222,SỐ
667,45,918,42,919,133,668,139,DỊCH
157,182,226,182,228,230,157,229,ĐỊA
235,175,317,172,317,223,235,224,CHỈ:
564,163,620,162,620,217,564,218,LỖ
391,177,464,178,465,221,391,221,70A
471,171,558,170,558,220,471,220,PHỦ
1012,165,1172,164,1173,208,1012,210,8848275
948,168,1007,168,1007,211,948,211,04.
762,171,939,170,940,213,762,214,TELIFAX:
765,172,863,172,863,212,765,212,TEL/P
862,172,942,172,942,210,862,210,FAX:
951,163,1175,163,1175,209,951,209,04. 8848275
155,178,227,178,227,226,155,226,ĐỊA
390,177,464,177,464,219,390,219,70A
234,171,316,171,316,221,234,221,CHỈ:
565,165,621,165,621,215,565,215,LỖ
472,172,556,172,556,216,472,216,PHỦ
1093,26,1217,26,1217,116,1093,116,06
323,170,385,170,385,218,323,218,SỐ
393,49,647,49,647,127,393,127,GIAO
938,10,1074,10,1074,118,938,118,SỐ
670,42,920,42,920,136,670,136,DỊCH
109,12,377,12,377,132,109,132,ĐIỂM
