169,186,216,187,216,221,168,221,CẤP
198,154,245,155,244,187,196,185,ANH
124,142,192,145,192,184,124,180,TIẾNG
221,190,280,191,280,225,221,224,QUỐC
26,141,85,143,86,179,26,177,TRẠI
98,177,165,181,165,221,97,217,ĐẲNG
88,142,121,143,120,177,88,177,HÈ
284,192,316,192,316,224,284,224,TẾ
88,143,120,143,120,177,88,177,HÈ
284,193,316,193,316,225,284,225,TẾ
27,141,85,141,85,179,27,179,TRẠI
196,156,244,156,244,186,196,186,ANH
170,187,216,187,216,221,170,221,CẤP
124,144,192,144,192,182,124,182,TIẾNG
221,191,279,191,279,225,221,225,QUỐC
97,177,165,177,165,219,97,219,ĐẲNG
