274,157,300,157,299,179,273,179,SỰ
253,155,271,156,272,176,253,175,VÌ
252,135,311,136,312,154,253,153,THANH
442,158,473,159,473,180,442,180,ĐẤT
467,139,517,141,517,161,467,159,LUYỆN
394,137,428,138,429,159,394,158,TẬP,
431,138,465,139,465,157,431,157,RÈN
221,139,244,140,244,172,220,172,9:
357,137,392,137,392,157,357,157,HỌC
300,158,362,158,362,180,300,180,NGHIỆP
365,161,404,161,404,180,365,180,CNH,
406,161,441,162,441,179,406,179,HĐH
134,130,216,131,216,171,134,170,THÁNG
474,161,519,161,519,182,474,182,NƯỚC
313,135,355,136,355,155,313,154,NIÊN
253,156,271,156,271,174,253,174,VÌ
275,158,297,158,297,178,275,178,SỰ
221,141,243,141,243,171,221,171,9:
408,164,440,164,440,178,408,178,HĐH
432,138,464,138,464,156,432,156,RÈN
476,162,516,162,516,180,476,180,NƯỚC
365,162,403,162,403,180,365,180,CNH,
253,137,309,137,309,151,253,151,THANH
359,140,391,140,391,158,359,158,HỌC
442,160,472,160,472,180,442,180,ĐẤT
396,138,428,138,428,158,396,158,TẬP,
313,135,353,135,353,153,313,153,NIÊN
466,140,516,140,516,160,466,160,LUYỆN
300,158,360,158,360,178,300,178,NGHIỆP
136,134,214,134,214,170,136,170,THÁNG
