761,266,986,265,988,420,760,422,ĐÔNG
534,291,740,292,740,426,534,425,NHCT
601,31,726,30,727,87,601,88,CÔNG
469,34,592,34,593,90,469,90,HÀNG
232,274,516,273,516,431,230,429,NHÁNH
77,301,217,301,216,432,74,433,CHI
923,24,1020,24,1020,88,926,89,VIỆT
1006,280,1177,281,1178,415,1005,415,ANH
1028,29,1133,29,1134,79,1028,79,NAM
733,32,915,30,915,82,735,86,THƯƠNG
334,38,464,38,464,92,334,93,NGÂN
787,102,1140,94,1141,193,786,205,Bank
1029,29,1133,29,1133,75,1029,75,NAM
924,23,1020,23,1020,83,924,83,VIỆT
604,30,724,30,724,84,604,84,CÔNG
471,34,591,34,591,86,471,86,HÀNG
77,300,215,300,215,430,77,430,CHI
334,37,460,37,460,89,334,89,NGÂN
733,32,917,32,917,82,733,82,THƯƠNG
532,292,740,292,740,424,532,424,NHCT
230,271,512,271,512,431,230,431,NHÁNH
760,267,986,267,986,421,760,421,ĐÔNG
1005,285,1177,285,1177,415,1005,415,ANH
316,106,1138,106,1138,198,316,198,INCOMBAN
