306,110,343,110,343,153,306,152,Số
381,115,436,115,436,156,381,156,Biệt
495,114,553,114,553,153,495,153,Lâm
1020,116,1062,116,1062,154,1020,154,HN
760,114,806,114,807,158,760,158,Xá,
255,114,303,114,303,152,255,152,ĐC:
348,114,375,114,375,155,348,154,3,
950,114,1014,114,1015,158,950,158,Lâm,
687,114,757,114,757,160,687,159,Đặng
628,114,683,114,682,152,628,153,KĐT
425,20,552,21,552,77,425,76,MST:
899,114,944,116,944,154,899,153,Gia
556,115,622,115,623,156,557,155,Viên,
439,114,492,114,491,157,440,157,Thự
810,114,894,114,894,159,810,158,Huyện
563,21,756,23,756,75,564,74,010781
348,115,374,115,374,153,348,153,3,
306,111,344,111,344,149,306,149,Số
900,115,942,115,942,153,900,153,Gia
628,115,682,115,682,151,628,151,KĐT
761,114,805,114,805,154,761,154,Xá,
382,116,436,116,436,154,382,154,Biệt
495,115,551,115,551,151,495,151,Lâm
440,115,490,115,490,155,440,155,Thự
254,113,302,113,302,151,254,151,ĐC:
1022,117,1062,117,1062,151,1022,151,HN
812,116,890,116,890,156,812,156,Huyện
689,116,755,116,755,154,689,154,Đặng
557,114,621,114,621,154,557,154,Viên,
426,23,550,23,550,73,426,73,MST:
949,116,1013,116,1013,154,949,154,Lâm,
568,22,886,22,886,74,568,74,0107811603
