337,28,593,25,599,239,340,239,ĐỖ
247,313,346,312,347,369,247,370,ngách
526,310,623,310,623,374,525,372,Nhuế,
983,322,1035,325,1035,377,984,376,Từ
630,319,660,318,660,370,630,370,P.
1038,323,1135,326,1136,386,1038,382,Liêm,
820,321,856,321,856,378,819,377,2,
472,304,520,305,519,366,472,365,Cổ
668,307,717,308,717,370,668,369,Cổ
158,304,204,304,202,362,156,361,Số
1143,328,1197,329,1197,381,1144,380,Hà
208,312,238,313,238,367,207,366,6,
88,310,150,310,150,361,87,361,ĐC:
1205,329,1269,330,1270,388,1205,387,Nội
910,313,976,314,977,375,910,374,Bắc
642,85,974,88,982,243,642,242,GIA
723,312,818,313,816,374,723,372,Nhuế
354,315,465,315,465,368,353,368,43/128
862,320,903,321,904,374,862,375,Q.
353,317,467,317,467,369,353,369,43/128
628,319,660,319,660,371,628,371,P.
817,323,857,323,857,377,817,377,2,
863,323,903,323,903,373,863,373,Q.
206,313,240,313,240,369,206,369,6,
669,308,719,308,719,372,669,372,Cổ
1147,327,1197,327,1197,381,1147,381,Hà
908,313,976,313,976,375,908,375,Bắc
725,314,819,314,819,372,725,372,Nhuế
1205,327,1269,327,1269,387,1205,387,Nội
473,304,519,304,519,366,473,366,Cổ
338,27,604,27,604,241,338,241,ĐỖ
982,322,1034,322,1034,376,982,376,Từ
156,303,204,303,204,361,156,361,Số
90,310,148,310,148,360,90,360,ĐC:
645,90,991,90,991,244,645,244,GIA
247,313,347,313,347,371,247,371,ngách
525,311,623,311,623,375,525,375,Nhuế,
1039,325,1137,325,1137,387,1039,387,Liêm,
