399,3,521,3,516,70,392,70,BÁN
737,3,859,4,855,71,731,70,BÁN
841,116,950,118,941,206,831,205,ĐỀU
525,121,710,121,708,203,522,203,CHÚNG
418,131,511,132,502,202,410,202,BƠI
728,130,819,130,817,203,728,203,TÔI
252,134,399,134,396,202,245,202,ĐANG
51,140,167,140,164,204,50,203,CON
531,0,692,0,689,72,529,71,BUÔN
963,128,1040,128,1040,207,962,207,CÓ
158,6,386,4,386,70,156,74,CHUYÊN
699,30,724,30,723,52,699,53,-
175,128,239,128,235,204,172,204,GÌ
868,3,940,3,939,74,867,75,LẺ
33,137,169,137,169,199,33,199,"CON
964,124,1054,124,1054,204,964,204,CÓ
866,2,938,2,938,72,866,72,LẺ
174,127,240,127,240,201,174,201,GÌ
733,2,859,2,859,72,733,72,BÁN
530,0,696,0,696,70,530,70,BUÔN
156,2,388,2,388,70,156,70,CHUYÊN
392,2,520,2,520,68,392,68,BÁN
245,136,399,136,399,200,245,200,ĐANG
409,129,509,129,509,201,409,201,BƠI
728,126,818,126,818,204,728,204,TÔI
523,119,709,119,709,203,523,203,CHÚNG
831,113,949,113,949,205,831,205,ĐỀU
