232,9,263,9,263,24,232,25,ĐĂNG
229,47,264,45,265,64,229,66,TỔNG
278,9,298,9,298,24,278,24,TẠI:
201,52,229,51,229,67,201,68,1022
263,8,277,8,277,23,263,24,KÝ
287,45,315,45,315,62,287,62,DỊCH
315,44,332,43,333,59,316,60,VỤ
333,40,366,39,366,56,333,57,CÔNG
161,55,199,53,199,71,161,73,(0251)
265,45,286,45,286,62,265,62,ĐÀI
314,23,342,23,342,39,314,39,COM
183,29,330,24,330,42,184,47,HOCKYDOANHNGHIEP.CO
190,26,310,26,310,48,190,48,HOCKYDOANHNGHIEP
313,26,341,26,341,38,313,38,LCOM
163,54,199,54,199,74,163,74,(0251)
263,10,277,10,277,22,263,22,KÝ
279,11,297,11,297,23,279,23,TẠI
202,52,228,52,228,66,202,66,1022
233,10,261,10,261,24,233,24,ĐĂNG
230,45,264,45,264,63,230,63,TỔNG
316,45,332,45,332,57,316,57,VU
288,46,314,46,314,62,288,62,DỊCH
334,40,364,40,364,56,334,56,CÔNG
267,46,285,46,285,62,267,62,ĐÀI
