335,85,431,85,431,133,336,132,TÂM
63,146,126,145,126,188,64,188,CN
442,80,527,80,527,134,442,133,THỂ
635,142,761,142,761,189,635,189,ĐOÀN
667,87,843,87,844,131,668,130,MƯỜNG
339,137,400,137,400,189,338,189,CỔ
542,141,622,141,622,196,543,195,TẬP
169,89,324,90,325,132,169,129,TRUNG
412,139,532,139,532,189,412,189,PHẦN
139,140,263,140,263,187,139,187,CÔNG
536,92,655,92,656,132,537,133,THAO
371,279,806,280,807,384,368,386,FITNESS
857,91,1007,90,1008,130,858,130,THANH
772,142,949,141,948,187,772,188,MƯỜNG
273,147,331,147,327,189,277,190,TY
961,148,1112,146,1112,185,962,187,THANH
