858,86,914,86,914,127,859,127,NỘI
288,89,332,89,331,126,288,126,SỞ
335,88,374,88,374,126,335,126,KẾ
650,203,825,203,825,291,650,291,TNHH
379,93,483,93,483,130,379,130,HOẠCH
487,92,511,92,511,124,487,124,&
553,205,638,205,636,292,556,291,TY
622,368,651,369,651,393,622,391,-
370,194,539,195,540,291,371,291,CÔNG
514,89,578,89,578,123,514,124,ĐẦU
738,86,803,86,803,122,738,122,PHỐ
210,336,426,336,426,425,208,423,QUANG
583,89,626,89,624,123,584,123,TƯ
808,86,850,86,853,123,809,123,HÀ
440,335,607,334,608,425,440,425,MINH
631,89,733,89,733,122,631,122,THÀNH
669,338,992,337,993,421,668,424,LOGISTICS
