339,115,476,116,475,203,337,203,ĐẸP
15,113,118,113,119,190,15,190,EM
140,18,188,18,189,45,139,45,XÔ
139,112,321,113,320,201,138,200,SẠCH
628,105,799,105,799,195,627,194,TOÀN
742,19,864,20,864,48,743,48,THẠNH
522,117,610,116,609,194,517,194,AN
894,19,948,19,949,46,895,46,ĐT:
287,18,383,18,383,46,287,46,NGHỆ
73,19,128,19,128,44,73,45,155
396,19,483,19,483,45,396,45,TÌNH.
482,151,510,150,509,166,482,167,-
957,18,1164,19,1163,48,958,47,08.38404397
197,18,276,19,276,45,198,45,VIẾT
539,21,586,21,587,45,539,44,17.
495,18,529,18,530,45,495,45,P.
648,18,734,19,734,45,648,45,BÌNH
872,27,885,27,886,40,872,40,-
