308,111,342,111,342,152,308,151,Số
256,114,302,114,302,152,256,151,ĐC:
382,115,435,115,436,156,382,156,Biệt
349,113,374,113,374,154,349,153,3,
951,115,1013,115,1014,157,951,157,Lâm,
496,114,552,115,552,154,496,154,Lâm
427,21,552,23,552,77,426,75,MST:
761,115,805,115,805,157,761,157,Xá,
1021,116,1062,116,1062,153,1022,153,HN
901,116,943,117,943,154,901,153,Gia
440,115,490,114,490,157,441,157,Thự
557,116,621,116,622,155,559,154,Viên,
688,114,756,115,756,158,688,158,Đặng
628,115,682,114,681,152,628,154,KĐT
812,114,893,115,893,159,812,158,Huyện
566,23,751,25,752,75,566,74,010781
