290,142,414,164,415,238,290,220,HỌC
428,168,560,190,563,270,433,249,VIỆN
307,234,435,249,434,326,307,312,NGỮ
281,435,319,439,320,470,281,467,HAI
291,344,458,367,459,420,292,400,ENGLISH
212,425,273,432,273,464,212,459,371/5
167,420,208,423,209,458,167,454,ĐC:
548,465,594,468,595,503,549,500,QUẬN
152,210,283,233,283,302,146,280,ANH
236,471,273,474,274,504,236,501,ĐT:
325,436,355,439,357,475,326,473,BÀ
606,289,680,294,683,369,610,363,TẾ
484,497,545,502,545,532,486,526,www.
480,377,650,398,649,447,480,428,ACADENY
209,332,273,336,274,393,210,390,SS
361,445,434,450,434,484,362,478,TRƯNG,
451,258,593,275,594,355,451,335,QUỐC
522,462,543,462,543,497,522,494,8,
444,452,517,456,518,492,444,488,PHƯỜNG
600,474,619,475,621,505,600,503,3,
245,474,416,488,417,520,245,507,(0T-028)62723699
273,472,318,474,318,512,273,510,(028)
647,481,685,484,687,510,649,508,HCM
561,508,645,513,646,541,562,536,S.EDU.VN
