145,103,210,104,210,149,144,149,PHỐ
359,113,458,113,458,151,358,151,DƯƠNG
626,31,753,32,753,79,626,79,CÙNG
293,110,351,111,351,151,293,150,TÂN
529,115,571,115,571,152,529,152,HP
761,31,877,31,878,77,761,77,PHÁT
216,108,274,108,273,150,214,150,MỚI
349,25,480,27,480,77,348,77,ĐỒNG
489,32,615,31,616,78,489,79,HÀNH
27,99,59,101,57,147,21,146,g
887,25,1023,25,1024,80,888,79,TRIỂN
473,115,514,116,514,153,474,152,TN
67,112,137,113,137,146,66,147,315B
1004,114,1220,112,1221,149,1005,150,0936.790.297
988,126,1001,127,1002,138,989,137,-
277,128,290,128,289,139,277,139,-
461,128,472,128,472,142,461,141,-
765,111,853,111,854,150,765,150,0886.
517,130,527,129,527,140,517,140,-
761,114,990,112,991,147,761,148,0886.728.929
