536,1167,603,1156,607,1190,543,1200,VIÊN
523,1129,602,1115,606,1148,528,1161,NHÂN
512,1086,596,1072,604,1108,517,1120,TUYỂN
470,504,641,491,643,531,470,545,LƯỢNG
419,300,914,242,939,407,425,459,HOÀNG
121,340,379,331,370,465,117,472,HUY
680,487,793,478,795,513,683,522,CHU
332,504,459,493,455,540,332,548,CHẤT
800,473,941,460,941,501,803,513,ĐÁO
531,1206,549,1205,549,1220,532,1221,ĐT:
578,1198,599,1196,600,1213,578,1214,449
600,1196,621,1194,624,1208,601,1211,996
551,1203,576,1199,577,1215,552,1218,0968
