238,163,295,163,288,203,234,203,Giao
135,116,206,108,207,145,136,153,0986
430,9,494,4,494,44,431,51,mai
340,164,369,165,363,194,335,195,lận
457,73,515,67,516,107,457,113,383
370,167,399,166,391,189,364,189,nơi
242,36,322,33,322,76,242,80,Động,
150,49,169,48,168,87,150,89,3
369,84,447,76,448,117,370,124,0909
176,44,234,39,234,79,176,86,mai
216,104,269,98,269,137,216,141,488
342,105,361,103,360,113,342,115,-
277,98,333,92,334,130,278,135,696
296,164,338,165,329,204,289,202,hàng
29,127,129,117,129,156,29,168,Hotline:
524,64,574,59,575,99,525,104,138
328,21,423,16,423,62,329,66,Hoàng
104,51,143,49,143,91,104,94,Số
406,155,413,155,404,191,395,192,/
