339,23,593,21,602,239,339,241,ĐỖ
248,314,346,313,345,371,248,370,ngách
527,310,623,310,623,374,526,371,Nhuế,
984,322,1034,325,1033,376,984,374,Từ
355,316,465,316,465,367,353,366,43/128
821,318,854,319,854,377,820,376,2,
157,303,203,304,201,362,157,361,Số
209,312,236,313,237,367,208,365,6,
473,303,519,304,519,367,473,365,Cổ
911,312,975,313,976,375,911,374,Bắc
1207,330,1268,330,1269,388,1207,386,Nội
1040,324,1133,327,1133,386,1040,382,Liêm,
669,305,717,307,716,371,669,370,Cổ
88,309,151,310,151,362,88,361,ĐC:
1144,329,1196,329,1196,380,1144,379,Hà
630,318,659,318,660,370,630,369,P.
863,320,902,321,903,374,863,373,Q.
725,313,818,312,815,373,725,371,Nhuế
643,91,967,95,983,240,642,240,GIA
