335,82,431,82,432,134,336,134,TÂM
668,88,844,87,845,132,668,132,MƯỜNG
542,140,622,138,623,195,543,195,TẬP
441,80,527,78,528,135,441,135,THỂ
168,88,325,89,326,132,169,130,TRUNG
633,140,760,140,761,190,633,190,ĐOÀN
64,144,125,144,125,189,64,190,CN
411,137,532,137,533,190,411,191,PHẦN
137,138,265,138,265,188,137,189,CÔNG
340,136,401,136,401,189,339,189,CỔ
857,89,1008,90,1008,132,856,131,THANH
536,89,656,88,656,134,536,135,THAO
369,277,809,278,813,385,369,386,FITNESS
772,143,949,142,950,188,772,188,MƯỜNG
273,146,330,145,329,191,275,192,TY
961,148,1112,146,1112,187,960,188,THANH
