457,71,515,65,516,107,457,114,383
135,114,207,107,208,147,135,153,0986
238,163,294,162,291,202,234,205,Giao
242,34,321,32,322,77,242,80,Động,
216,104,269,96,269,137,215,143,488
340,163,369,164,364,195,335,196,lận
369,83,447,75,448,118,370,125,0909
276,97,333,89,335,130,277,136,696
430,8,494,2,496,44,431,51,Mai
524,64,574,57,575,99,525,106,138
296,162,339,162,332,205,289,203,hàng
29,127,128,118,129,155,29,168,Hotline:
150,49,169,48,169,88,149,89,3
327,22,422,17,423,62,328,66,Hoàng
369,167,398,165,393,190,365,190,nời
176,44,235,39,235,80,176,86,Mai
104,52,142,48,143,92,104,95,Số
343,104,361,103,361,113,343,115,-
402,154,416,153,408,194,395,193,/
203,0,253,0,254,19,203,21,DỤC
