475,51,840,36,845,285,474,291,BIỂN
136,293,247,292,247,350,136,351,0931
251,69,452,64,453,193,251,197,SẢN
70,79,236,76,237,195,69,199,HẢI
859,55,1180,50,1191,267,860,273,ĐẢO
316,217,372,217,372,273,316,273,88
258,219,312,219,312,276,256,276,46
378,215,434,213,434,272,378,273,46
265,292,433,291,432,344,266,347,111282
374,289,431,288,431,344,373,344,82
69,226,250,224,250,274,70,280,ĐT:0988
64,225,128,226,127,282,64,281,ĐT
263,290,312,290,312,349,263,348,11
316,292,368,290,368,345,316,346,12
126,233,142,232,141,268,125,266,:
