517,26,663,24,663,73,517,75,TRƯNG
449,24,507,22,509,75,448,77,BÀ
694,21,755,20,760,74,694,74,HÀ
310,40,335,40,334,83,308,83,3
965,36,1037,39,1038,85,966,84,ĐT:
100,56,144,54,140,98,96,100,69
152,42,238,37,233,89,148,95,VÂN
765,20,846,21,850,84,765,84,NỘI
365,36,443,33,441,78,362,81,HAI
30,61,97,56,93,103,22,108,ĐC:
1041,42,1103,45,1107,90,1042,88,094
1180,55,1268,61,1271,104,1182,101,8888
245,32,307,27,303,86,239,88,HỒ
1112,48,1175,52,1176,97,1113,93,273
670,47,685,47,685,65,670,65,-
340,57,356,56,355,72,339,72,-
998,39,1271,59,1273,105,999,89,0942738888
334,50,355,49,354,74,333,76,-
963,35,1172,49,1175,96,965,87,ĐT:094273
1116,49,1261,58,1263,102,1117,96,2738888
