154,137,192,144,190,167,152,159,ĐẾN
197,191,243,201,241,226,194,215,NIỆM
190,218,275,240,274,259,188,240,PHONG
146,157,217,175,216,195,144,177,CHƯỢNG
182,125,226,136,226,157,180,146,QUAN
217,112,267,125,266,148,215,136,MỪNG
195,149,242,161,241,182,193,170,THAM
144,113,180,120,178,143,142,136,QUÝ
170,99,215,109,213,132,168,122,CHÀO
221,177,272,189,270,210,219,199,TRỈNH
230,139,284,151,283,172,228,160,KHÁCH
126,200,186,212,185,238,124,226,NGÔ
245,164,270,170,268,190,243,185,DỰ
170,184,195,187,192,210,168,205,KỶ
