648,201,827,202,828,294,649,294,TNHH
551,200,641,200,641,295,552,296,TY
210,335,427,335,427,427,209,427,QUANG
288,88,332,88,332,127,288,127,SỞ
370,193,539,193,541,293,369,294,CÔNG
335,87,375,86,375,127,335,127,KẾ
441,332,608,331,609,427,440,427,MINH
857,84,914,84,915,129,857,128,NỘI
808,84,851,84,854,123,808,123,HÀ
739,88,802,86,803,122,739,124,PHỐ
514,87,579,86,579,125,513,126,ĐẦU
582,88,626,88,624,125,583,125,TƯ
487,92,510,92,510,125,487,124,&
379,91,484,91,485,130,379,131,HOẠCH
663,334,996,332,995,427,663,427,LOƠISTICS
621,367,652,368,651,392,621,392,-
628,88,733,86,734,123,628,126,THÀNH
