385,64,431,64,431,78,385,78,QUỐC
230,65,278,65,278,78,230,78,CHÀO
335,66,382,65,381,78,335,79,NGÀY
188,65,227,65,225,79,188,79,LIỆT
319,82,353,82,353,95,318,95,HỌC
132,66,185,65,184,80,133,81,NHIỆT
281,66,331,66,331,79,281,79,MỪNG
276,80,314,80,314,93,276,93,NĂM
435,65,493,65,494,77,435,78,KHÁNH
221,80,272,81,272,93,221,93,MỪNG
170,81,217,80,217,93,170,94,CHÀO
498,66,521,66,520,79,497,78,2/9
356,80,392,80,392,93,356,93,MỚI:
448,81,484,81,484,92,448,92,2021
397,81,435,81,435,92,397,93,2020
395,81,484,80,485,92,396,92,2020 - 2021
367,82,445,80,446,93,368,93,mới:2020 -
175,67,184,67,183,78,174,78,T
