382,113,436,113,437,158,382,157,Biệt
307,109,344,108,344,154,307,154,Số
349,113,375,113,376,156,348,154,3,
950,113,1015,113,1015,161,950,160,Lâm,
496,112,553,112,553,155,495,155,Lâm
426,19,552,20,553,78,426,78,MST:
761,113,806,113,807,159,761,159,Xá,
1020,113,1062,113,1063,156,1021,156,HN
900,113,944,114,945,156,900,156,Gia
256,113,303,112,304,153,256,153,ĐC:
812,113,894,113,894,158,812,159,Huyện
557,113,622,113,623,157,558,156,Viên,
628,112,683,112,682,155,628,155,KĐT
440,112,491,112,491,159,440,160,Thự
564,23,747,24,749,76,564,76,010781
687,112,757,113,757,161,688,161,Đặng
761,21,885,22,886,77,762,77,1603
599,27,878,22,879,74,601,75,107811603
728,24,749,24,750,76,728,77,1
