219,175,276,174,277,214,219,215,BIÊN
242,128,324,127,325,170,242,170,THẮNG
282,173,334,173,335,214,282,214,PHỦ
152,176,213,175,214,219,152,219,ĐIỆN
228,1,290,1,291,45,228,45,NIỆM
232,45,289,44,290,85,232,85,NĂM
156,129,237,127,237,170,157,171,CHIẾN
185,0,223,0,223,41,185,41,KỶ
191,46,226,47,227,84,190,84,42
177,269,313,265,314,301,178,304,07/5/2017
205,89,277,89,277,126,205,126,NGÀY
177,223,312,221,312,255,177,259,07/5/1975
177,223,214,223,214,260,177,260,07
181,268,244,266,245,304,181,306,07/5
254,265,314,263,314,300,254,302,2017
243,269,254,269,251,303,241,302,/
177,267,215,267,215,305,177,307,07
224,267,245,267,245,305,223,306,5
250,221,310,221,310,256,250,257,1975
181,224,245,222,246,258,181,260,07/5
242,224,253,224,251,258,240,257,/
