96,176,161,178,162,219,95,217,ĐẲNG
86,142,118,143,118,177,86,176,HÈ
122,142,189,143,189,182,121,179,TIẾNG
168,185,214,185,213,221,167,221,CẤP
184,237,213,240,213,254,184,252,Cháu,
281,192,312,192,311,227,280,226,TẾ
218,188,278,189,277,227,217,226,QUỐC
116,234,136,235,136,249,116,248,Văn
23,139,82,143,82,180,23,176,TRẠI
196,154,241,156,239,185,193,183,ANH
138,235,164,237,164,251,138,249,LInh,
74,231,114,233,115,249,74,247,Nguyễn
230,240,257,242,256,257,230,254,Nẵng
23,229,44,229,43,243,22,242,169
214,240,228,241,228,253,214,252,Đa
53,230,72,231,71,245,52,244,171
165,237,183,238,183,250,165,250,Hái
265,240,353,242,353,259,265,257,(0236)7304466
324,244,352,245,351,259,323,258,44.66
264,240,300,241,300,258,264,256,(0236)
46,234,51,234,50,241,45,240,-
302,243,322,244,322,257,302,257,730
191,239,263,241,263,256,190,254,Châu,Đàng -
346,185,356,183,353,196,343,199,Ê
120,234,181,238,181,251,119,249,VànLinh,a
49,233,54,233,53,242,48,241,5
