232,8,263,8,263,25,232,26,ĐĂNG
230,46,264,44,265,65,230,67,TỔNG
201,51,229,50,229,68,201,69,1022
162,54,199,52,199,72,162,74,(0251)
263,8,277,8,277,24,263,25,KÝ
287,44,315,44,315,62,287,63,DỊCH
278,9,298,8,298,24,278,24,TẠI:
314,22,342,22,342,39,314,40,COM
333,39,366,38,366,56,333,58,CÔNG
186,31,320,26,321,43,186,46,HOCKYDOANHNGHIEP.
265,45,286,44,286,62,265,63,ĐÀI
315,43,332,42,333,60,316,60,VỤ
186,30,226,29,226,47,186,48,HOCKY
80,123,320,104,316,175,82,176,TINH
287,47,346,41,346,57,288,62,DỊCHVỤC
189,53,200,53,200,71,189,72,1)
