274,156,300,157,299,180,274,179,SỰ
468,139,516,140,517,161,468,160,LUYỆN
253,134,311,135,311,153,253,153,THANH
253,155,271,155,272,176,253,176,VÌ
442,158,473,158,473,181,442,181,ĐẤT
395,137,429,137,429,159,395,159,TẬP,
432,138,464,138,465,158,432,158,RÈN
135,132,216,132,215,172,135,171,THÁNG
300,157,362,157,362,181,301,181,NGHIỆP
221,138,244,139,244,173,221,172,9:
358,137,391,137,392,158,358,158,HỌC
407,161,440,161,440,180,407,180,HĐH
475,160,518,160,519,182,475,182,NƯỚC
365,160,403,160,404,181,365,181,CNH,
314,134,355,135,355,155,314,155,NIÊN
605,116,618,118,618,128,605,127,LAO
634,121,642,122,642,132,634,131,c
623,120,636,122,636,130,623,128,Thứ
