536,1167,603,1156,608,1191,543,1201,VIÊN
524,1128,602,1115,607,1148,528,1161,NHÂN
121,339,379,326,374,468,115,478,HUY
468,501,644,488,648,531,470,546,LƯỢNG
803,469,953,453,954,502,805,515,ĐÁO-
514,1087,597,1072,604,1109,519,1121,TUYỂN
331,502,458,491,457,540,330,549,CHẤT
421,296,924,251,944,412,425,460,HOÀNG
679,484,793,476,797,515,681,523,CHU
553,1204,576,1200,577,1215,554,1219,0968
578,1200,602,1195,604,1209,578,1215,449
530,1206,550,1205,551,1220,530,1221,ĐT:
320,968,351,967,350,989,319,989,077
600,1196,622,1194,624,1208,601,1211,996
556,1202,613,1196,615,1212,556,1218,096844999
582,1196,623,1194,625,1210,583,1212,49996
651,500,670,500,670,514,651,514,-
471,963,540,962,540,987,470,988,Dading
566,1078,599,1075,602,1108,569,1112,ỂN
109,1135,126,1136,125,1149,108,1149,FAX:
