154,104,249,114,244,155,147,146,Hơn
650,147,748,152,747,197,648,192,hình
425,46,628,68,627,113,421,96,Modem
489,130,639,141,638,189,488,177,Truyền
174,23,326,46,321,97,167,75,Trang
385,129,478,132,477,171,383,168,kênh
645,65,758,79,757,127,645,116,WIFI
281,105,378,110,374,166,279,160,170
45,232,780,249,772,539,12,524,0989.2
341,41,399,45,393,101,334,97,bị
579,456,622,459,619,475,577,472,game
584,436,653,439,652,459,582,456,LINFOX
29,246,440,247,438,511,20,508,098
452,448,513,449,510,467,452,465,SUCGO
649,310,777,301,772,533,643,542,2
605,410,660,408,665,418,604,420,UNIC
263,103,294,104,293,159,262,159,7
578,457,604,457,602,471,577,471,01001
486,449,511,449,506,466,484,466,6066
