406,126,534,122,534,186,407,189,KHU
651,175,899,174,900,273,650,277,BÌNH
923,158,1291,147,1292,262,922,269,PHƯỚC
549,117,715,113,716,176,549,182,CÔNG
466,298,631,294,632,370,466,373,CỔNG
466,317,502,317,501,372,464,372,c
95,204,571,197,572,280,94,289,BECAMEX
658,297,767,297,768,367,658,369,SỐT
731,107,963,102,963,172,730,174,NGHIỆP
748,308,780,308,780,364,747,365,3
588,217,631,218,629,255,587,255,-
16,131,46,128,41,359,13,344,ANCORA
583,183,634,185,633,310,582,311,-
658,310,695,310,694,367,658,367,S
731,114,850,114,851,174,731,175,NGHỊ
