292,342,459,367,460,423,293,400,ENGLISH
289,140,412,162,413,240,289,222,HỌC
428,169,559,183,561,269,434,251,VIỆN
280,434,320,437,320,471,280,469,HAI
307,235,434,248,434,327,307,313,NGỮ
548,464,595,467,596,504,548,501,QUẬN
479,375,650,397,650,448,479,428,ACADEMY
212,425,273,431,273,465,212,461,371/5
325,436,355,437,357,475,326,474,BÀ
147,208,283,232,283,303,143,283,ANH
483,497,544,501,545,532,485,528,www.
167,420,209,422,210,459,167,456,ĐC:
361,443,434,448,435,486,361,479,TRƯNG,
605,290,679,292,681,370,609,366,TẾ
450,260,593,277,594,356,451,338,QUỐC
522,463,543,464,543,498,522,495,8,
444,451,518,455,519,493,444,488,PHƯỜNG
210,333,274,335,275,392,211,391,SS
236,470,274,472,275,506,236,502,ĐT:
649,480,686,482,687,511,650,509,HCM
599,474,620,475,620,506,600,503,3,
622,477,646,478,648,507,623,505,TP.
273,472,319,474,320,512,273,510,(028)
549,505,645,513,646,541,550,536,SS.EDU.VN
370,485,416,488,417,519,369,516,3699
322,480,367,483,367,514,321,511,6272
546,504,576,506,579,535,548,534,SS.
265,474,416,486,417,519,265,510,(028)62723699
616,512,642,514,645,541,618,539,VN
193,5,193,5,191,70,191,70,ANCORA
616,476,683,479,685,509,617,507,TP.HCM
580,509,618,512,620,540,580,537,EDU.
600,472,646,474,648,506,601,505,3,TP.
237,470,325,474,325,510,238,507,ĐT:.028)
504,501,601,508,604,536,505,531,WW.SS.EN
