234,361,385,360,385,448,233,449,KHÔNG
344,697,448,697,447,799,342,798,KHỎI
341,473,452,474,453,568,340,567,HÂM.
332,936,444,936,443,1030,331,1030,ĐÈN"
394,352,494,349,494,450,393,453,PHẢI
331,820,432,820,432,914,330,914,ĐÂM
262,688,338,689,337,794,261,793,ĐỂ
262,470,330,468,332,564,263,565,LÀ
270,830,323,831,323,921,269,918,BỊ
266,256,473,256,472,335,267,335,"X-NHAN
247,930,321,929,321,1026,248,1025,VỠ
212,1093,456,1090,458,1163,205,1163,CYU
262,597,453,602,453,680,262,676,X-NHAN
415,261,470,257,469,330,413,333,AN
266,599,317,603,317,674,265,673,XI
325,371,384,371,384,447,325,446,NG
354,258,411,260,411,330,354,329,NH
267,264,292,264,292,301,268,302,H
