115,286,567,284,570,383,115,391,THU
233,397,405,396,407,495,231,495,M
153,262,1193,272,1183,499,102,466,MULIÊN
1015,291,1148,294,1169,378,1028,379,N
1091,341,1104,351,1100,358,1088,348,mì
963,296,981,296,981,302,963,302,nutiFood
1098,346,1108,354,1104,360,1095,352,"Mừng
220,391,722,388,722,515,221,514,MOT
959,272,974,272,974,278,960,279,tuil
1110,355,1122,363,1119,369,1106,360,tính
644,284,864,283,869,405,645,413,HI
934,276,945,276,945,280,933,280,4445
612,259,1213,230,1200,460,597,475,TIỆN
935,280,949,281,948,286,933,285,has
617,281,888,272,899,516,619,529,TƯ
941,281,959,281,958,287,940,287,Bánh
1103,350,1109,355,1108,363,1099,354,"XA
510,294,549,293,549,302,511,303,fruman
1084,335,1098,347,1094,354,1081,343,mì
