137,115,323,115,323,201,137,201,SẠCH
334,116,478,116,478,202,334,202,ĐẸP
625,109,803,109,803,195,625,195,TOÀN
12,113,122,113,122,191,12,191,EM
515,117,611,117,611,195,515,195,AN
741,18,865,18,865,48,741,48,THẠNH
960,19,1166,19,1166,43,960,43,08.38404397
893,18,949,18,949,44,893,44,ĐT:
393,17,485,17,485,45,393,45,TÌNH.
197,17,277,17,277,43,197,43,VIẾT
648,15,734,15,734,45,648,45,BÌNH
285,17,383,17,383,45,285,45,NGHÉ
137,18,189,18,189,44,137,44,XÔ
73,18,127,18,127,44,73,44,155
598,17,640,17,640,45,598,45,Q.
537,19,587,19,587,43,537,43,17.
494,18,530,18,530,44,494,44,P.
