95,175,161,175,161,217,95,217,ĐẲNG
218,189,276,189,276,227,218,227,QUỐC
122,145,188,145,188,181,122,181,TIẾNG
167,184,213,184,213,220,167,220,CẤP
23,141,81,141,81,177,23,177,TRẠI
193,154,241,154,241,184,193,184,ANH
282,192,312,192,312,226,282,226,TẾ
73,234,113,234,113,248,73,248,Nguyễn
23,230,43,230,43,242,23,242,169
138,236,162,236,162,250,138,250,Linh,
116,235,134,235,134,247,116,247,Văn
184,239,212,239,212,253,184,253,Cháu,
230,242,254,242,254,256,230,256,Nảng
86,142,116,142,116,176,86,176,HÈ
54,232,70,232,70,244,54,244,171
214,240,228,240,228,252,214,252,Đà
166,238,182,238,182,250,166,250,Hải
323,245,351,245,351,259,323,259,4466
265,242,323,242,323,256,265,256,(02369730
