18,208,138,208,138,256,18,256,KHAI
86,174,148,174,148,208,86,208,NGỮ
148,182,222,182,222,212,148,212,AMES
225,183,265,183,265,215,225,215,MỸ
266,186,324,186,324,220,266,220,ĐÌNH
16,172,80,172,80,204,16,204,ANH
172,267,202,267,202,285,172,285,Mon,
94,263,118,263,118,283,94,283,Địa
372,204,390,204,390,222,372,222,ƯU
204,267,234,267,234,285,204,285,Hàm
236,268,266,268,266,286,236,286,Nghi
390,211,414,211,414,231,390,231,ĐÁI
150,217,324,217,324,263,150,263,TRƯƠNG
148,265,168,265,168,281,148,281,HD
120,263,144,263,144,281,120,281,chỉ:
409,246,433,246,433,276,409,276,%
356,221,422,221,422,277,356,277,40,
