640,94,988,94,988,242,640,242,GIA
340,19,604,19,604,241,340,241,ĐỖ
1037,326,1139,326,1139,384,1037,384,Liêm,
525,308,621,308,621,374,525,374,Nhuế,
909,312,977,312,977,376,909,376,Bắc
723,314,817,314,817,372,723,372,Nhuế
982,324,1032,324,1032,376,982,376,Từ
155,303,205,303,205,361,155,361,Số
1145,328,1197,328,1197,380,1145,380,Hà
669,306,717,306,717,370,669,370,Cổ
207,314,239,314,239,368,207,368,6,
472,304,520,304,520,366,472,366,Cổ
818,323,856,323,856,379,818,379,2,
248,313,346,313,346,373,248,373,ngách
87,312,149,312,149,360,87,360,ĐC:
861,322,903,322,903,374,861,374,Q.
630,319,660,319,660,369,630,369,P.
1205,328,1269,328,1269,390,1205,390,Nội
351,315,465,315,465,369,351,369,43/128
