118,330,380,330,380,470,118,470,HUY
429,254,933,254,933,448,429,448,HOÀNG
329,493,457,493,457,547,329,547,CHẤT
537,1160,607,1160,607,1200,537,1200,VIÊN
523,1115,607,1115,607,1161,523,1161,NHÂN
468,492,642,492,642,546,468,546,LƯỢNG
681,477,795,477,795,523,681,523,CHU
802,462,924,462,924,512,802,512,ĐÁO
513,1071,603,1071,603,1121,513,1121,TUYỂN
549,1192,621,1192,621,1218,549,1218,0968449996
531,1205,549,1205,549,1223,531,1223,ĐT:
470,960,540,960,540,986,470,986,ĐƯỜNG
904,590,916,590,916,598,904,598,CẦU
321,970,347,970,347,986,321,986,ĐT/
