556,22,886,22,886,76,556,76,0107811603
426,22,554,22,554,76,426,76,MST:
684,112,752,112,752,160,684,160,Đặng
439,113,489,113,489,155,439,155,Thự
947,114,1011,114,1011,154,947,154,Lâm,
809,113,893,113,893,161,809,161,Huyện
253,115,301,115,301,151,253,151,ĐC:
554,113,618,113,618,157,554,157,Viên,
760,112,802,112,802,160,760,160,Xá,
381,113,435,113,435,157,381,157,Biệt
900,112,944,112,944,156,900,156,Gia
626,113,684,113,684,157,626,157,KĐT
308,110,342,110,342,150,308,150,Số
494,114,548,114,548,154,494,154,Lâm
1019,117,1063,117,1063,151,1019,151,HN
348,114,374,114,374,154,348,154,3,
