349,26,477,26,477,74,349,74,ĐỒNG
490,30,616,30,616,74,490,74,HÀNH
766,112,984,112,984,148,766,148,0886.728.929
215,110,271,110,271,146,215,146,MỚI
760,32,878,32,878,76,760,76,PHÁT
625,33,751,33,751,75,625,75,CÙNG
295,113,347,113,347,145,295,145,TÂN
361,116,455,116,455,148,361,148,DƯƠNG
887,25,1021,25,1021,75,887,75,triển
145,106,207,106,207,144,145,144,PHỐ
1007,111,1221,111,1221,147,1007,147,0936.790.297
67,112,137,112,137,144,67,144,315B
475,118,513,118,513,148,475,148,TN
530,118,568,118,568,148,530,148,HP
989,123,1001,123,1001,139,989,139,-
517,131,527,131,527,139,517,139,-
