925,151,1081,151,1081,215,925,215,Phường
510,150,640,150,640,214,510,214,đường
160,152,236,152,236,204,160,204,chỉ:
313,153,377,153,377,213,313,213,15,
77,153,151,153,151,213,77,213,Địa
1142,151,1224,151,1224,203,1142,203,Khê
830,147,918,147,918,211,830,211,Tấn,
387,151,465,151,465,213,387,213,ngõ
704,154,822,154,822,214,704,214,Trọng
647,150,699,150,699,206,647,206,Lê
247,149,307,149,307,203,247,203,Số
1087,154,1137,154,1137,204,1087,204,La
470,155,502,155,502,201,470,201,4
705,100,739,100,739,134,705,134,H
584,103,616,103,616,135,584,135,B
