145,212,281,212,281,296,145,296,ANH
450,254,592,254,592,352,450,352,QUỐC
293,347,457,347,457,417,293,417,ENGLISH
481,378,647,378,647,444,481,444,ACADEMY
293,146,411,146,411,236,293,236,HỌC
427,170,561,170,561,268,427,268,VIỆN
444,453,518,453,518,489,444,489,PHƯỜNG
360,446,434,446,434,484,360,484,TRƯNG,
608,288,680,288,680,368,608,368,TẾ
549,467,595,467,595,503,549,503,QUẬN
282,437,318,437,318,467,282,467,HAI
238,473,272,473,272,503,238,503,ĐT:
326,438,356,438,356,472,326,472,BÀ
212,334,274,334,274,392,212,392,SS
167,423,207,423,207,455,167,455,ĐC:
273,475,417,475,417,517,273,517,(028)62723699
213,428,271,428,271,462,213,462,371/5
308,240,432,240,432,324,308,324,NGỮ
650,484,686,484,686,508,650,508,HCM
623,479,647,479,647,505,623,505,TP.
600,476,618,476,618,506,600,506,3,
524,468,542,468,542,496,524,496,8,
486,502,642,502,642,538,486,538,WWW.SS.EDU.VN
485,500,543,500,543,530,485,530,www.
