152,178,212,178,212,216,152,216,ĐIỆN
180,221,312,221,312,257,180,257,07/5/1975
159,131,235,131,235,167,159,167,CHIẾN
241,131,323,131,323,167,241,167,THẮNG
227,4,291,4,291,42,227,42,NIỆM
208,90,276,90,276,124,208,124,NGÀY
181,265,317,265,317,303,181,303,07/5/2017
217,177,275,177,275,211,217,211,BIÊN
187,2,223,2,223,36,187,36,KỶ
280,175,332,175,332,209,280,209,PHỦ
233,47,287,47,287,81,233,81,NĂM
192,49,226,49,226,81,192,81,42
219,176,276,175,276,213,219,213,BIÊN
228,2,291,3,291,45,228,44,NIỆM
150,176,213,175,214,219,150,218,ĐIỆN
282,174,335,174,335,212,282,212,PHỦ
241,128,325,128,325,170,241,170,THẮNG
232,46,290,46,290,84,233,84,NĂM
156,128,237,128,237,170,156,171,CHIẾN
175,223,312,221,311,256,175,259,07/5/1975
191,48,226,48,226,82,191,81,42
178,267,315,265,315,301,178,302,07/5/2017
185,1,222,1,222,39,185,39,KỶ
205,88,277,88,277,126,205,126,NGÀY
