242,34,322,34,322,78,242,78,Động,
136,109,206,109,206,153,136,153,0986
216,101,268,101,268,141,216,141,488
277,90,335,90,335,134,277,134,696
458,68,514,68,514,114,458,114,383
331,18,423,18,423,64,331,64,Hoàng
371,77,447,77,447,125,371,125,0909
290,165,338,165,338,205,290,205,hàng
177,41,233,41,233,83,177,83,mai
431,3,495,3,495,51,431,51,mai
335,166,369,166,369,194,335,194,lận
105,48,143,48,143,96,105,96,Số
148,50,168,50,168,88,148,88,3
525,61,577,61,577,105,525,105,138
32,122,128,122,128,164,32,164,Hotline:
365,167,397,167,397,187,365,187,nơi
235,162,295,162,295,204,235,204,Giáo
200,0,254,0,254,30,200,30,DỤC
175,373,203,373,203,397,175,397,khọ
146,372,176,372,176,396,146,396,Ca
342,105,360,105,360,115,342,115,-
236,368,310,368,310,398,236,398,VẠNG
238,163,295,163,288,203,234,203,Giao
135,116,206,108,207,145,136,153,0986
430,9,494,4,494,44,431,51,mai
340,164,369,165,363,194,335,195,lận
457,73,515,67,516,107,457,113,383
370,167,399,166,391,189,364,189,nơi
242,36,322,33,322,76,242,80,Động,
150,49,169,48,168,87,150,89,3
369,84,447,76,448,117,370,124,0909
176,44,234,39,234,79,176,86,mai
216,104,269,98,269,137,216,141,488
342,105,361,103,360,113,342,115,-
277,98,333,92,334,130,278,135,696
296,164,338,165,329,204,289,202,hàng
29,127,129,117,129,156,29,168,Hotline:
524,64,574,59,575,99,525,104,138
328,21,423,16,423,62,329,66,Hoàng
104,51,143,49,143,91,104,94,Số
406,155,413,155,404,191,395,192,/
