164,77,476,77,476,225,164,225,HIỀN
521,95,973,95,973,229,521,229,HUỲNH
914,254,1090,254,1090,284,914,284,0794574444
129,239,227,239,227,273,129,273,Nguyễn
231,241,283,241,283,269,231,269,Đức
880,47,1080,47,1080,125,880,125,Shop
86,239,124,239,124,269,86,269,06
285,242,343,242,343,274,285,274,Tịnh
891,49,1078,59,1065,125,880,113,Shop
130,239,227,239,227,275,130,275,Nguyễn
232,239,284,239,284,272,232,272,Đức
89,236,125,237,125,270,89,269,06
166,74,477,75,477,221,164,218,HIỀN
1027,254,1089,256,1089,286,1024,286,4444
287,239,345,240,345,277,287,276,Tịnh
520,96,970,98,969,226,518,224,HUỲNH
970,252,1019,252,1018,284,969,283,457
