1,97,571,97,571,221,1,221,shoptretho
214,303,292,303,292,333,214,333,HÀNG
55,300,147,300,147,332,55,332,THỐNG
153,301,207,301,207,331,153,331,CỬA
361,303,389,303,389,335,361,335,BÉ
14,301,48,301,48,331,14,331,HỆ
299,308,335,308,335,336,299,336,MẸ
397,203,561,203,561,237,397,237,accom.vn
337,309,355,309,355,333,337,333,&
215,303,292,305,292,334,215,333,HÀNG
337,309,355,309,355,335,337,335,&
15,301,50,301,50,334,15,335,HỆ
153,302,207,302,208,332,153,332,CỬA
299,307,334,308,334,337,299,337,MẸ
361,305,390,305,390,334,361,334,BÉ
399,200,563,202,562,237,400,236,com.vn
13,104,564,109,560,211,2,207,shoptretho
56,300,145,300,145,330,56,330,THỐNG
