288,63,524,63,524,161,288,161,Nghỉ
126,155,262,155,262,223,126,223,HIỄN
63,80,263,80,263,154,63,154,Nhà
416,166,458,166,458,212,416,212,3
277,154,413,154,413,222,277,222,QUÝ
566,189,574,189,574,225,566,225,C
547,199,565,199,565,227,547,227,NG
551,250,575,250,575,268,551,268,1406
530,255,548,255,548,269,530,269,THỂN
571,280,575,280,575,288,571,288,N
460,362,478,362,478,372,460,372,29
66,84,261,82,268,150,65,154,Nhà
423,162,457,162,456,213,420,213,3
427,71,521,64,522,138,432,143,hỉ
277,165,426,163,426,215,279,218,QUÝ:
292,79,420,83,421,155,292,153,Ng
128,157,261,155,263,219,128,220,HIỀN
546,205,568,199,568,223,543,228,NG
530,256,551,254,549,268,529,269,THỂ
462,363,477,363,477,371,462,371,DỢ
