192,9,238,9,238,25,192,25,HƯỞNG
466,10,518,10,518,24,466,24,TRƯỜNG
273,10,309,10,309,24,273,24,NGÀY
289,27,319,27,319,39,289,39,HỌC
242,11,268,11,268,25,242,25,ỨNG
162,13,188,13,188,29,162,29,CỰC
129,12,159,12,159,26,129,26,TÍCH
313,9,347,9,347,23,313,23,TOÀN
436,8,462,8,462,24,436,24,ĐẾN
380,11,406,11,406,23,380,23,ĐƯA
249,27,283,27,283,37,249,37,NĂM
352,11,378,11,378,23,352,23,DÂN
410,8,434,8,434,24,410,24,TRẺ
324,28,358,28,358,36,324,36,2020
369,28,401,28,401,36,369,36,2021
127,11,160,11,160,27,128,27,TÍCH
287,27,319,27,320,40,287,40,HỌC
437,8,464,8,464,25,437,25,ĐẾN
162,11,189,11,189,30,162,29,CỰC
191,9,238,9,239,27,191,27,HƯỞNG
250,26,284,27,284,39,250,39,NĂM
312,10,348,10,348,25,312,25,TOÀN
380,11,406,10,407,25,380,25,ĐƯA
409,8,435,8,435,25,409,25,TRẺ
241,10,269,10,270,26,241,26,ỨNG
467,10,518,9,518,25,467,25,TRƯỜNG
272,10,310,10,310,25,272,25,NGÀY
350,10,378,10,378,25,350,25,DÂN
323,27,359,27,359,37,323,38,2020
