137,115,323,115,323,201,137,201,SẠCH
334,116,478,116,478,202,334,202,ĐẸP
625,109,803,109,803,195,625,195,TOÀN
12,113,122,113,122,191,12,191,EM
515,117,611,117,611,195,515,195,AN
741,18,865,18,865,48,741,48,THẠNH
960,19,1166,19,1166,43,960,43,08.38404397
893,18,949,18,949,44,893,44,ĐT:
393,17,485,17,485,45,393,45,TÌNH.
197,17,277,17,277,43,197,43,VIẾT
648,15,734,15,734,45,648,45,BÌNH
285,17,383,17,383,45,285,45,NGHÉ
137,18,189,18,189,44,137,44,XÔ
73,18,127,18,127,44,73,44,155
598,17,640,17,640,45,598,45,Q.
537,19,587,19,587,43,537,43,17.
494,18,530,18,530,44,494,44,P.
339,115,476,116,475,203,337,203,ĐẸP
15,113,118,113,119,190,15,190,EM
140,18,188,18,189,45,139,45,XÔ
139,112,321,113,320,201,138,200,SẠCH
628,105,799,105,799,195,627,194,TOÀN
742,19,864,20,864,48,743,48,THẠNH
522,117,610,116,609,194,517,194,AN
894,19,948,19,949,46,895,46,ĐT:
287,18,383,18,383,46,287,46,NGHỆ
73,19,128,19,128,44,73,45,155
396,19,483,19,483,45,396,45,TÌNH.
482,151,510,150,509,166,482,167,-
957,18,1164,19,1163,48,958,47,08.38404397
197,18,276,19,276,45,198,45,VIẾT
539,21,586,21,587,45,539,44,17.
495,18,529,18,530,45,495,45,P.
648,18,734,19,734,45,648,45,BÌNH
872,27,885,27,886,40,872,40,-
