640,94,988,94,988,242,640,242,GIA
340,19,604,19,604,241,340,241,ĐỖ
1037,326,1139,326,1139,384,1037,384,Liêm,
525,308,621,308,621,374,525,374,Nhuế,
909,312,977,312,977,376,909,376,Bắc
723,314,817,314,817,372,723,372,Nhuế
982,324,1032,324,1032,376,982,376,Từ
155,303,205,303,205,361,155,361,Số
1145,328,1197,328,1197,380,1145,380,Hà
669,306,717,306,717,370,669,370,Cổ
207,314,239,314,239,368,207,368,6,
472,304,520,304,520,366,472,366,Cổ
818,323,856,323,856,379,818,379,2,
248,313,346,313,346,373,248,373,ngách
87,312,149,312,149,360,87,360,ĐC:
861,322,903,322,903,374,861,374,Q.
630,319,660,319,660,369,630,369,P.
1205,328,1269,328,1269,390,1205,390,Nội
351,315,465,315,465,369,351,369,43/128
339,23,593,21,602,239,339,241,ĐỖ
248,314,346,313,345,371,248,370,ngách
527,310,623,310,623,374,526,371,Nhuế,
984,322,1034,325,1033,376,984,374,Từ
355,316,465,316,465,367,353,366,43/128
821,318,854,319,854,377,820,376,2,
157,303,203,304,201,362,157,361,Số
209,312,236,313,237,367,208,365,6,
473,303,519,304,519,367,473,365,Cổ
911,312,975,313,976,375,911,374,Bắc
1207,330,1268,330,1269,388,1207,386,Nội
1040,324,1133,327,1133,386,1040,382,Liêm,
669,305,717,307,716,371,669,370,Cổ
88,309,151,310,151,362,88,361,ĐC:
1144,329,1196,329,1196,380,1144,379,Hà
630,318,659,318,660,370,630,369,P.
863,320,902,321,903,374,863,373,Q.
725,313,818,312,815,373,725,371,Nhuế
643,91,967,95,983,240,642,240,GIA
