349,26,477,26,477,74,349,74,ĐỒNG
490,30,616,30,616,74,490,74,HÀNH
766,112,984,112,984,148,766,148,0886.728.929
215,110,271,110,271,146,215,146,MỚI
760,32,878,32,878,76,760,76,PHÁT
625,33,751,33,751,75,625,75,CÙNG
295,113,347,113,347,145,295,145,TÂN
361,116,455,116,455,148,361,148,DƯƠNG
887,25,1021,25,1021,75,887,75,triển
145,106,207,106,207,144,145,144,PHỐ
1007,111,1221,111,1221,147,1007,147,0936.790.297
67,112,137,112,137,144,67,144,315B
475,118,513,118,513,148,475,148,TN
530,118,568,118,568,148,530,148,HP
989,123,1001,123,1001,139,989,139,-
517,131,527,131,527,139,517,139,-
145,103,210,104,210,149,144,149,PHỐ
359,113,458,113,458,151,358,151,DƯƠNG
626,31,753,32,753,79,626,79,CÙNG
293,110,351,111,351,151,293,150,TÂN
529,115,571,115,571,152,529,152,HP
761,31,877,31,878,77,761,77,PHÁT
216,108,274,108,273,150,214,150,MỚI
349,25,480,27,480,77,348,77,ĐỒNG
489,32,615,31,616,78,489,79,HÀNH
27,99,59,101,57,147,21,146,g
887,25,1023,25,1024,80,888,79,TRIỂN
473,115,514,116,514,153,474,152,TN
67,112,137,113,137,146,66,147,315B
1004,114,1220,112,1221,149,1005,150,0936.790.297
988,126,1001,127,1002,138,989,137,-
277,128,290,128,289,139,277,139,-
461,128,472,128,472,142,461,141,-
765,111,853,111,854,150,765,150,0886.
517,130,527,129,527,140,517,140,-
761,114,990,112,991,147,761,148,0886.728.929
